29 300
bird 0.78675 0.079368 -0.76597 0.1931 0.55014 0.26493 -0.75841 -0.8818 1.6468 -0.54381 0.33519 0.44399 1.089 0.27044 0.74471 0.2487 0.2491 -0.28966 -1.4556 0.35605 -1.1725 -0.49858 0.35345 -0.1418 0.71734 -1.1416 -0.038701 0.27515 -0.017704 -0.44013 1.9597 -0.064666 0.47177 -0.03 -0.31617 0.26984 0.56195 -0.27882 -0.36358 -0.21923 -0.75046 0.31817 0.29354 0.25109 1.6111 0.7134 -0.15243 -0.25362 0.26419 0.15875
robin -0.26362 0.41994 -0.79729 0.86664 0.58936 0.68519 -0.26007 0.32548 -0.046497 -0.7095 0.15062 0.68397 -1.1083 0.51457 0.63559 0.23652 0.89858 -1.0909 -0.79213 -0.062496 -0.20448 0.24034 0.53381 0.83544 -0.11545 -0.59479 0.19435 -0.37466 -0.49624 -0.40082 0.92792 -0.11287 0.23288 0.11878 0.35524 -0.027567 0.22443 0.36326 -0.33158 -0.52621 0.48268 0.72329 -0.0063863 -0.86676 0.61046 0.26654 0.54224 -1.0559 -0.2899 0.87809
cardinal 0.69184 0.93174 -0.68948 -0.73687 1.6209 -0.44096 -0.09802 -0.36288 -1.3782 -0.045665 0.37535 0.8605 -0.60375 -0.37266 0.67224 -0.78656 -1.1549 -0.94609 -0.41075 0.29423 -1.6352 -0.69366 -0.8035 -0.27854 -0.62103 -1.0936 0.69072 -0.12643 -1.1878 0.097111 0.43683 0.51714 -0.064349 -1.0793 -0.072032 -0.5039 0.60236 0.35303 0.23334 1.0053 0.26274 1.0872 -0.52013 0.3958 -0.46054 0.67289 -0.70183 -0.13397 0.11613 0.34297
hawk 0.2619 0.17479 0.78775 -0.34369 -0.11656 0.20397 -1.2798 -1.172 0.064945 -0.91915 -0.1935 0.57769 0.23091 0.65702 -0.91733 0.2715 -0.19089 0.7594 -1.4329 0.32539 -0.63615 -0.00018125 -0.041946 -0.73769 0.15002 -1.12 -0.12494 0.46037 0.42024 0.04136 0.72067 0.15595 -0.31678 0.67628 0.34081 -0.11305 -0.17328 -0.74284 -0.98634 -0.51786 -0.23539 0.17909 0.051461 -0.61042 0.91237 -0.1162 -0.14017 -0.15579 -0.14926 0.61336
swan 0.27238 0.22593 -1.1908 -0.23927 -0.52611 0.82609 -0.87775 -0.054317 0.09003 -0.69817 0.10447 0.5455 0.57052 0.13207 -0.25178 0.20716 0.52724 0.25385 -0.89624 -0.18434 -0.052119 -0.033578 -0.096924 0.016039 0.46988 -0.51709 -0.88802 0.86436 -0.92233 -0.58577 0.9119 -0.35336 0.44796 0.44182 0.2341 -0.31209 0.64505 -0.53256 0.24051 -0.61033 -0.4876 0.15663 -0.12074 -0.96956 -0.096614 0.056532 -0.38154 -0.83208 0.63474 0.34331
crow -0.62791 -0.079278 -0.81019 0.08484 0.16284 0.78293 -0.93263 -0.64848 0.63981 -0.51406 -0.037719 0.32629 0.87986 -0.004197 0.0031318 0.41016 0.58723 -0.0018956 -0.60652 -0.1392 -0.82859 0.35392 0.29876 -0.060992 0.26524 -0.47109 -0.48278 0.068443 0.16351 -0.78095 0.80258 -0.53821 -0.10331 0.33248 -0.35966 -0.50799 -0.076894 -1.4616 0.2246 0.28555 -0.85225 0.15771 -0.5024 0.65692 0.3298 -0.59693 -0.19538 -1.4719 -0.75688 0.56163
falcon 1.2172 0.23992 0.32509 0.34552 -0.19322 0.084162 -1.1561 -1.3064 0.089254 -0.14975 0.6919 0.7451 -0.073422 -0.10411 -0.20525 -0.062842 -0.17808 1.1345 -1.7893 0.013572 -1.1489 0.23252 -0.49046 -0.52041 -0.40614 -0.040478 -0.23567 0.13125 0.021965 -0.026563 0.42178 -0.076023 -0.75807 0.68721 0.77598 -0.14984 0.022735 -1.0864 -0.21989 -0.17178 0.087015 0.10117 -0.19513 -0.45087 -0.21413 -0.40937 0.37012 -0.26132 -0.32816 0.36355
goose 0.31786 0.093919 -1.1267 -0.68599 0.53255 1.2883 -0.63421 -0.08913 0.39714 -0.88631 -0.31424 0.71085 1.1573 0.042466 -0.26594 0.16807 0.91409 0.75758 -1.2127 -0.30392 -0.033525 -0.55953 0.5128 -0.23946 0.61924 -0.71166 -0.61219 1.169 0.67233 -1.4961 0.46294 0.75578 -0.091662 1.1958 -0.014816 -0.064083 -0.076283 -0.38202 0.46236 -0.056525 -0.83905 0.0057199 -0.56587 -0.5296 0.47926 -0.24882 0.078883 -0.35753 0.21139 0.37438
finch -0.077903 0.84181 -0.52002 0.41628 -0.091852 -0.89515 -0.83712 -0.20764 -0.20947 -0.016581 -0.35932 1.0184 0.73984 -0.30595 -0.29866 -0.083612 0.028595 -0.76482 -0.56517 0.68531 -0.93966 0.31626 -0.12667 0.11978 0.19519 -0.17982 0.27946 0.015776 0.39692 -0.71127 0.12792 -0.97301 0.31119 0.20341 0.0036277 -0.7636 0.13155 -0.60581 0.051057 -0.28825 0.80123 0.1399 0.74006 -0.1049 0.34352 -0.16463 -0.0086146 -1.6143 0.18266 1.3376
peacock 0.036787 0.26364 -0.69671 -0.07627 0.46225 0.85683 -0.71729 -0.63246 0.091974 -0.80583 0.16929 1.2543 0.052297 0.26623 -0.59016 0.30376 0.32045 -0.00030508 -0.93633 -0.39307 -0.071154 0.082266 0.1916 -0.42966 0.21605 0.079371 -0.21744 0.35926 -0.43675 -0.30405 0.14949 0.17377 0.50468 0.52799 -0.35055 -0.10788 0.20466 -0.41389 -0.35601 -0.2249 0.49531 0.4018 -1.052 -0.032619 -0.21509 -0.22804 -0.50268 -1.3363 -0.11405 0.25976
rook -0.41285 1.3482 0.33284 -0.54141 1.0762 -0.12638 1.7844 -0.36922 -1.1762 0.82407 0.17999 0.9984 -1.1739 0.76487 -0.80591 0.91674 -0.081641 -1.6341 0.29297 1.4675 -0.50593 -1.1419 0.74574 0.25228 -1.7292 -1.2832 -0.67117 0.068019 -0.21969 -0.94489 -0.62831 0.62325 -0.034509 0.9034 0.59005 -0.32291 -0.037751 0.28764 -0.56237 0.36296 0.54535 1.0075 -0.44557 0.13898 0.95727 -0.84483 0.85322 -0.73903 -0.15557 -0.48835
quail 0.069911 -0.019152 -1.1188 0.22119 0.49681 0.75247 -0.91122 -0.0038121 0.48444 -0.73457 -0.82001 -0.56705 1.3605 0.34546 -0.031201 0.95776 1.0641 0.3407 -1.2498 0.36795 0.10774 -0.38865 0.90011 0.094219 -0.32682 -0.17973 0.0098934 0.53347 0.18817 -1.2284 -0.22251 0.060168 -0.69016 1.3064 0.73512 -0.2433 -0.23444 0.22543 -0.23266 -0.95019 -0.84418 -0.68726 -0.13661 0.58898 1.7421 0.13398 0.64142 0.27119 -0.43188 0.082458
partridge -0.13616 -0.11998 -1.1152 0.10046 0.66508 0.40853 -0.81813 -0.30927 -0.47299 -0.70359 -0.18886 1.0754 0.72671 -0.24976 0.56396 0.34836 0.70943 0.082218 -0.51436 0.25055 0.0077289 0.29463 0.32235 0.21191 0.66013 0.5929 -0.025797 0.056438 -0.17108 -0.2554 0.072898 -0.92577 0.64792 0.48705 0.47154 0.17347 -0.21596 -1.2049 0.31988 -0.59167 -0.17313 0.21983 -0.52543 -0.32337 0.79043 -0.44638 0.58118 -0.43035 -0.024625 0.62984
wren 1.1093 0.50775 -0.90136 -0.46181 0.46028 0.19144 -1.29 -0.6502 -1.2343 -0.95484 -0.39973 1.4745 0.1149 -0.20151 -0.29301 0.35458 0.46851 0.36956 -0.50809 0.04756 -0.18712 -0.23949 -0.84766 -0.25243 0.50161 0.66866 0.60255 0.18739 -0.28898 0.089316 -0.42488 -0.84577 0.32771 -0.018674 -0.051993 -0.40531 0.014588 -0.42379 0.34028 -0.23518 0.077783 -0.75823 -0.47792 0.068289 0.65706 0.28473 -0.061664 -0.26173 0.0081744 0.93538
ostrich -0.1725 -0.42805 -1.3706 -0.42428 0.13257 1.2734 -0.67648 -1.1656 0.8338 -0.64379 0.35855 -0.07431 1.3743 0.44244 0.055275 0.70556 1.1008 0.69316 -0.52559 -0.70428 -0.14079 -0.53365 -0.043209 -0.33522 -0.23105 -0.072789 -0.2821 1.0817 0.2407 -0.22746 0.24539 0.3187 0.024645 1.5928 -0.53474 -0.03693 -0.5465 0.13629 0.34543 -0.06101 -0.34294 0.083215 0.35759 0.54237 1.3276 -0.44586 -0.13884 0.22156 -0.068791 -0.27358
nightingale 0.28526 0.54065 -1.4093 -0.86763 0.01068 0.14421 -0.23885 -0.028839 0.19113 -0.19446 0.36473 0.53641 0.7251 -0.42894 -0.028139 -0.29743 -0.26315 -0.1469 -0.2885 0.94721 -0.29025 0.46047 -0.20315 -0.43077 0.76095 -0.027565 0.069411 -0.10138 -1.0203 -0.82936 -0.083321 -0.23605 0.44471 0.50133 -0.39913 -0.18535 0.78938 -0.18813 0.34386 -0.076021 0.51481 -0.29048 0.030864 -0.48106 0.35219 -0.23362 0.62866 -0.93481 -0.89458 0.22428
gull 0.67148 0.44905 -1.3635 0.13183 0.64782 0.65091 -0.019797 -0.49575 -0.11321 -0.93158 0.67495 1.4721 0.61949 1.0176 -0.52018 0.31 1.2845 0.23181 -1.6293 -0.73399 -0.35585 -0.93507 0.20244 0.051267 -0.22886 -0.013053 0.077545 0.95075 -0.60197 0.046365 -0.67993 -0.51361 0.82495 0.77039 -0.091628 -0.90905 -0.37394 -0.89849 0.26541 1.2514 -0.16015 0.92034 0.34137 0.28135 0.44759 -0.79603 -0.1735 -0.73915 0.053126 -0.041548
lark 0.1936 -0.24571 -0.60936 -0.81133 0.05397 -0.22984 -0.37532 -0.71691 0.74862 -0.08338 -0.31702 0.71979 0.34225 -0.406 -0.57916 0.0086602 0.055868 0.81467 -0.82025 -0.20284 -0.18224 -0.1253 0.23215 -0.046174 0.68058 -0.10078 -0.64917 0.67588 0.019375 -0.38752 -0.53349 -0.50088 0.32023 0.75776 0.41638 -1.0256 -0.23768 -0.71704 -0.47981 -0.40597 -0.6107 -0.58683 -0.22881 -0.32562 0.18095 -0.14116 0.65704 -0.89913 -0.34109 0.45185
pelican 0.14877 0.32045 -1.3467 -0.31791 -0.68165 0.18338 -0.71387 -0.26764 0.59249 -0.60753 -0.59907 0.36105 1.5353 0.23772 -0.41414 -0.50097 -0.24169 0.19879 -0.9253 0.55137 -0.20962 -0.10471 -0.17099 -0.1646 -0.56717 -0.40541 0.060326 1.1322 0.1407 -0.62753 -0.12912 -0.78206 0.27324 0.27097 -0.39597 0.057592 -0.26744 -1.068 0.3332 -0.82028 -0.023301 -0.24892 0.56854 0.58341 -0.052975 -0.46813 0.4416 -0.24561 -0.091718 0.18518
flamingo 0.39718 0.67911 -0.78887 0.76681 -0.17142 -0.20702 -0.4162 -0.6428 0.1868 0.76093 -0.43854 0.27815 0.60204 -0.30829 0.52213 0.23659 0.33594 0.53182 -0.6757 0.28837 -0.12096 0.025288 -0.58152 0.11645 -0.97404 0.18964 0.27011 0.78447 0.48942 -0.7628 -0.37332 0.093336 -0.05424 0.71337 0.061193 -0.59086 -0.19438 -1.156 -0.20679 -0.61043 -0.67012 0.020224 0.18655 0.36631 -0.36831 -0.67026 -0.37819 -1.4602 0.46837 -0.060869
kingfisher 0.51202 -0.67311 -1.1597 1.0259 0.17357 0.48916 -0.65659 -0.71044 0.8487 -0.83701 0.54093 0.37933 0.50568 0.082551 -0.71124 0.58441 -1.1112 0.57642 -0.88907 -0.25541 -0.25147 -0.10055 -0.53006 0.34871 -0.45315 0.38432 -0.78858 0.49423 -0.37213 0.2568 0.18709 0.64533 0.66532 2.1465 0.61763 -1.1208 -0.27258 -1.2831 -0.29369 -0.10188 -0.41855 -0.21274 -0.50962 0.35893 -0.16777 0.72277 -0.36545 -0.045998 0.36663 -0.0038407
pheasant -0.16562 0.014417 -1.5892 0.40126 0.73836 0.98206 -0.066067 -0.52015 0.96127 -0.86139 -0.48932 0.21854 1.6513 0.30108 -0.27644 0.79975 0.89792 0.13788 -1.6324 0.42611 0.32235 -0.51547 0.65702 -0.40644 -0.13842 -0.039377 -0.094674 0.3953 0.20796 -0.71638 -0.53815 -0.01625 -0.068124 1.1689 0.36319 0.038702 -0.057396 -0.37364 -0.7186 -0.37606 -0.61904 0.27462 -0.58649 0.63693 1.4028 -0.37588 0.26067 -0.50898 0.11608 -0.072503
starling 0.83383 0.03163 -1.453 -0.33467 0.66918 0.40635 0.0080906 -0.49359 0.0058401 0.045641 0.41218 1.6141 0.3503 0.34976 0.075537 0.073738 0.35684 -0.41603 -0.58737 0.78114 -0.52438 0.026648 -0.092765 0.0096381 0.084631 0.25368 0.81773 0.065165 -0.23783 -0.4754 -0.91333 -0.9405 0.37435 -0.13724 0.57691 -0.15651 -0.32905 -0.49279 0.23244 -0.37663 -0.1182 0.00083886 0.69497 -0.25048 0.55008 -0.12188 1.0748 -0.013278 -0.14566 0.45056
blackbird 0.89701 -0.36329 -0.66567 0.28326 -0.55214 -0.0059438 -0.23244 0.14132 0.63058 -0.067307 -0.057535 0.58871 0.057716 0.90928 -0.27884 -0.8519 -0.53219 0.37602 -0.48199 0.28053 -0.84521 -0.3085 -0.36207 0.13994 0.16469 0.078289 -0.88569 -0.023412 -0.48944 -1.5063 -0.34374 -1.1597 0.010322 1.2053 0.41649 -0.71417 -0.00057249 -0.69529 0.0043533 -0.97296 -0.14751 -1.2883 0.75545 0.10064 0.46271 0.0043593 1.7267 0.014735 -1.3731 0.55464
oriole -0.76888 0.43896 -0.24783 0.86673 0.036146 -1.1693 -0.96011 -0.33048 -0.0021975 0.21345 -0.57244 0.71178 0.48522 -0.040657 -0.58539 -0.42194 0.19611 0.76104 -1.0767 0.51868 -1.2759 -0.66067 -0.61122 -0.28273 -0.46062 -0.012147 0.53154 0.60935 0.16065 -1.6065 -0.75805 -0.33404 0.48483 -0.069883 0.5692 0.45991 0.45467 -0.85238 -0.13874 -0.019544 -0.60242 -0.43409 -0.82547 1.142 -0.46839 0.083031 -0.3077 -0.55171 0.12209 -0.23148
parakeet 0.37323 -0.08409 -0.7205 0.43768 0.014563 0.32117 -0.31038 -0.62998 0.60546 -0.5491 0.55023 0.75728 1.6949 -0.12333 -0.97155 0.23219 -0.88258 0.22992 -0.11376 0.13132 -1.8095 -0.059158 -0.14411 -0.078253 1.2697 0.1181 -0.2579 0.48094 -0.98396 -0.83844 -0.98872 -0.49265 0.13108 0.73586 0.010804 -0.8686 0.083583 -0.33217 -0.13195 -0.41637 0.086716 -0.18466 -0.090054 0.53191 0.19073 0.35193 0.049511 -0.81828 0.51669 -0.24474
puffin 0.71256 0.0077614 -0.62983 0.049043 -0.83933 0.058007 -1.4131 -1.5125 0.99696 -0.35135 -0.069001 0.92945 0.93145 0.74561 0.11168 -0.36412 -0.60494 -0.005755 0.03296 0.75367 -0.30013 -0.50965 0.2792 0.12095 0.35551 0.84967 -0.32593 0.12196 -0.51053 -0.74846 -0.54193 -0.61333 -0.27162 0.9099 -1.0915 -0.21322 -0.84456 -0.71107 -0.2505 -0.12191 -0.1255 -0.6589 0.10268 0.33635 -0.66257 0.30091 0.69922 -0.48782 -0.91785 -0.85369
auk 0.18362 0.58256 -0.83977 -0.052012 0.039922 -0.39667 0.18941 0.060799 0.1186 -0.38716 -0.13239 1.2859 0.80377 -0.038819 -1.0706 0.11548 -0.25351 1.2128 0.056667 0.94128 -0.63147 -0.13863 0.56971 -0.40798 1.3487 0.85296 -1.132 -0.20752 -0.010573 1.1196 -0.32108 0.48057 0.81494 1.7973 0.27773 0.21605 -0.2096 -0.052187 -0.23471 0.010496 -0.33415 -0.98667 -0.98493 0.36194 0.72379 0.84369 -0.51245 -0.083536 0.34683 -0.14147
toucan 0.48253 0.72539 0.26797 0.28959 -0.10712 -0.023424 0.68362 -0.012125 0.20437 0.059478 -0.33775 0.59084 0.50553 -0.098893 -0.7193 0.58213 0.14331 0.5206 0.66177 1.1117 -0.50727 -0.371 -0.10515 0.23366 0.17154 0.41517 0.2223 0.40549 0.13908 -0.75283 -0.83512 -0.10636 0.30819 1.0569 0.68682 0.54491 0.2146 -0.60588 -0.71206 0.079298 0.2207 -0.062559 -0.54293 -0.08331 0.59677 -1.1004 0.33557 -0.32429 0.29557 0.21595
