10 300
bear 0.57121 0.71624 -0.10722 -0.354 1.0103 0.62455 -0.67356 -0.2966 0.14884 -0.64063 -0.30318 0.78758 0.34078 -0.2071 0.21783 0.6245 0.60284 0.069331 -0.76017 -0.034367 -0.14013 -0.58553 0.20887 -0.42097 -0.18276 -1.4074 -1.3744 0.50943 0.34844 -0.93932 1.7419 0.46836 0.36162 0.051057 0.041189 0.070042 -0.44726 -1.0308 0.27728 -0.65125 -0.80276 -0.29095 0.050477 -0.028209 0.63405 -0.7284 -0.064858 0.0087279 0.13339 -0.061488
lion 0.60093 0.012934 -0.61032 -0.13871 1.2507 0.10128 -0.20073 -1.1283 0.60857 -0.16666 0.22419 0.61781 0.50102 -0.22303 -0.011922 0.24229 0.82199 0.5748 -1.9703 0.044589 0.22157 -0.26673 -0.005156 -0.36311 -0.42483 -0.79237 -1.557 0.22124 -0.32143 -0.46747 1.0604 0.84237 0.045337 0.86075 -0.085506 0.0058815 -0.16237 -1.0329 -0.25763 -0.65854 -0.13647 0.3653 -0.61384 -0.54004 0.24051 -0.23007 -0.31155 -1.3485 0.4327 -0.34512
canine 0.97899 -0.55501 -0.61538 -0.2716 0.51592 0.38158 0.32572 -0.51396 1.3448 -0.76629 0.5918 0.1861 0.43692 0.69988 -0.45812 -0.4169 -0.1841 0.7991 -0.57169 0.061682 -1.0372 0.11688 -0.25549 0.83366 -0.30271 -0.34125 -0.81545 -0.39772 -0.65696 -0.23145 0.50356 0.78543 0.32997 0.1383 0.028283 0.94018 -0.16211 -0.31522 0.04869 -0.76994 0.22376 -0.089277 -0.23228 1.2761 0.90126 -0.58518 0.85613 0.097241 0.062462 0.12797
wolverine 0.21853 -0.2361 0.52357 -0.2422 -0.032854 1.2826 -0.21691 0.1144 0.20977 -0.36457 0.41386 0.83476 -0.511 0.035229 -0.39216 -0.18643 -0.24986 0.70187 -1.1308 0.029374 -0.65691 0.088051 0.28632 0.33103 0.17035 -0.43913 -0.87419 -0.25966 0.2027 -0.5992 -0.61062 0.34481 -0.17442 -0.65672 0.10116 0.57354 -0.8924 -1.2006 0.10617 -1.354 0.18187 -0.56342 -0.3449 -0.51617 0.014221 0.59143 0.9863 -0.29424 -0.069434 -0.66832
puma 0.8338 -0.38995 0.1274 0.6715 -0.1744 0.11765 -0.96384 -0.96171 0.21223 -0.099474 1.4385 0.35953 -0.46722 -0.61437 -0.52364 -0.10467 -0.57912 0.94835 -1.3413 -0.61512 -0.76327 -0.28727 -0.43891 -0.23323 -0.7369 -0.063937 -0.65009 0.36325 -0.19416 -0.1777 -0.011225 1.2111 -0.36551 1.4823 0.47471 -0.55244 -0.30229 0.018667 -0.67231 0.048089 1.023 -0.16642 0.061799 -0.65379 0.44459 -0.40703 -0.29048 0.55305 0.17372 0.1018
feline 1.0392 -0.066724 -0.81475 0.013355 0.062302 1.0316 0.096486 -0.68525 0.98476 0.49418 0.36223 0.51689 0.85902 0.44551 -0.26849 -0.13802 -0.61209 0.74007 -0.36051 0.48702 -1.5786 0.47923 -0.074049 0.18699 0.23336 -0.16454 -0.26108 -0.060998 -0.48655 0.21328 -0.19868 0.46089 0.34836 -0.050789 -0.1807 0.56003 -0.32346 -0.3434 0.06299 -1.2492 0.17014 -0.18563 -0.29996 1.3528 1.2452 0.26145 0.46243 -0.27478 0.12674 -0.022599
scavenger 0.82849 -0.32917 -0.42361 -0.35624 0.67327 0.14433 -0.194 -0.64921 0.99262 0.98166 -0.2995 0.23215 0.50972 0.98588 -0.13765 0.11339 1.2299 0.63674 -1.1111 0.73194 0.64872 -0.62879 0.3504 0.83173 -0.22631 -0.33132 0.1768 -0.043731 0.63221 -0.47018 -0.60339 -0.10908 -0.3996 -0.33032 0.04176 0.37203 -0.45534 -0.40983 -0.75075 -0.18341 0.071653 -0.49903 -0.72226 0.77665 1.3873 -0.77371 0.61838 -0.0067493 0.26863 0.064044
carnivore 1.1722 -1.2617 0.2686 0.08948 0.053942 -0.22814 -0.12713 -0.70034 1.3663 0.19997 -0.35256 0.3846 0.88082 1.0786 0.0015607 -0.052894 -0.019207 0.68923 0.058907 0.26144 -0.88017 -0.67997 -0.24934 0.30199 0.061629 -0.44924 -0.25944 0.11898 -0.017354 0.14042 -0.20072 -1.161 0.079662 0.13785 -0.9731 0.15104 -0.048322 -0.38859 -0.031305 -0.41175 0.37174 -0.12599 -0.56343 2.0759 0.43696 -0.02791 0.19453 0.354 -0.68498 0.57411
hyena 0.47727 -0.75275 -1.0737 0.15443 0.7276 0.61707 -0.24313 -0.44117 0.20423 -0.63445 0.83576 0.22772 0.89109 0.7314 -0.074709 -0.21671 -0.097805 0.010893 -0.89021 -0.26435 -1.2764 -0.17219 0.57052 0.54885 -0.38791 0.19787 -0.43334 1.0728 0.097972 -1.0322 -0.41806 -0.15119 0.4635 0.31939 -0.7249 -0.031518 -0.60855 -1.3542 -0.39292 -0.25836 -0.055682 -0.0741 0.12934 0.12893 1.4411 -1.4597 0.47134 -0.78539 0.11515 -0.14906
insectivore 0.49566 -0.47833 -0.68242 -0.48353 0.27738 1.6014 -0.45541 -0.87677 1.2404 0.57909 -0.073025 0.13173 1.2911 0.52519 -0.10809 -0.2844 -0.17344 -0.2102 -0.82865 -0.16486 -0.75242 -0.55349 -0.9588 -0.035849 0.24728 0.54424 0.42626 0.82769 1.07 1.4632 -0.16846 -0.99367 1.7495 0.21751 -0.22244 0.0481 -0.362 -0.46884 -0.99961 -0.081801 0.55593 1.0823 -0.69689 0.87922 0.53811 -1.523 0.95113 1.0622 -0.42761 1.9522
