27 300
china -0.22427 0.27427 0.054742 1.4692 0.061821 -0.51894 0.45027 -0.32164 0.57876 -0.049142 0.52523 -0.18784 0.52539 -0.058431 0.19741 0.30754 -0.45412 0.38268 0.33441 0.42801 0.98406 -0.7637 -0.066755 -1.0027 1.1942 -2.3916 0.24326 -0.40705 -0.63413 -0.20832 3.8851 0.75046 0.14857 0.24485 -1.0143 -0.76356 -0.63824 0.73037 -1.2025 0.18932 -1.2139 -0.55377 1.3033 -0.82461 0.9965 0.15117 -0.65753 0.28569 0.45374 -0.85646
iraq 0.8643 -0.18699 0.99589 -0.65489 0.64392 -0.44191 0.36037 0.31072 0.70071 -0.90208 -0.66442 -0.77709 -0.88973 -0.081438 0.2968 0.74191 0.39566 -0.59606 0.3467 0.76214 0.053087 0.43839 0.77542 -0.48396 -0.3259 -2.3488 -0.40539 0.059394 1.0076 1.112 2.9111 0.14878 -0.92753 -0.42307 -0.07785 0.16759 -0.41354 -0.23573 -1.4501 0.21852 -0.30933 0.27827 0.71862 -1.1314 0.2044 0.57201 -0.86646 1.4808 -1.157 -0.1834
israel 0.062029 0.53371 0.54099 -0.53311 0.47668 0.46988 0.021711 0.68731 -0.51518 -0.22619 -0.071631 -1.1262 -0.55618 0.19939 -0.094747 1.3724 1.2533 -1.1202 0.394 1.5422 0.63093 0.56363 -0.30163 -0.31444 -0.088435 -2.0561 0.43319 0.032101 0.75979 -0.00098003 2.899 -0.10687 -0.91409 0.06818 -0.6215 -0.043759 0.75295 -0.79991 -1.0516 0.93283 0.059276 -0.24426 0.38394 -1.0952 0.7231 -0.26365 -0.93865 1.5106 -0.96647 -0.19816
japan -0.31739 -0.14033 0.32292 1.072 0.33008 0.39406 -0.016682 0.076903 -0.74591 -0.31521 1.0033 -0.12659 0.063252 0.64006 0.70721 0.84303 -0.68832 0.47214 -0.66002 0.73962 1.1116 -0.89428 -0.90364 -0.47281 0.88529 -2.0194 0.30623 -0.31662 -0.44423 -0.52139 3.0287 0.70315 0.92315 0.52263 -0.62674 -0.58995 -0.15876 -0.078332 -1.0794 -0.71552 -1.2764 -0.85554 1.2827 -1.2134 1.0125 0.40329 -0.16276 0.99117 0.031016 -0.35431
france 0.66571 0.29845 -1.0467 -0.66932 -0.78082 -0.00013007 -0.17931 0.3711 -0.18622 -0.40535 0.98644 -0.60545 -0.94571 -0.69207 0.56681 -0.3861 0.027634 -1.2464 -0.73561 -0.52222 -0.061766 0.16771 -0.37462 0.4225 -0.63095 -1.636 -0.25094 0.04495 -0.39758 0.98099 2.6293 0.8348 -0.77338 0.39402 -0.57976 -1.029 -0.26709 0.98714 -0.51029 -0.42477 1.3956 -0.029347 2.2295 -1.7079 0.025562 0.6906 -0.579 -0.17824 0.42916 -0.5394
russia 0.32097 1.0144 0.50412 0.42314 -0.017368 0.42165 0.78563 1.2075 -0.82915 -0.12545 0.72666 -0.68589 -0.16918 0.89959 0.43864 0.24371 0.049558 -0.23954 0.35105 0.69405 0.47494 -0.80122 -0.11579 -0.33322 0.35565 -2.5386 0.37923 0.052781 0.54565 0.13112 2.7354 0.45458 -0.12994 -0.10698 -1.2169 -0.57424 -0.7642 1.2824 -0.95928 0.0053543 0.20225 -0.31514 2.1783 -1.7204 0.11169 0.62552 -0.87655 0.93488 -0.75778 -0.49446
america -0.13124 0.46555 -0.10921 0.18759 0.073319 -0.40072 -1.1418 -0.52592 0.20455 0.22532 0.19891 0.21863 -0.14053 0.026534 0.35482 -0.27559 -0.14433 0.14208 -0.23811 -0.0045941 -0.14462 -0.10607 -0.23974 0.44399 -0.033788 -1.774 -0.97388 -0.33887 0.29913 -0.21471 2.9346 0.47296 -0.069746 -0.42937 -1.0228 -1.1021 -1.149 -0.39353 -0.46068 -0.63748 -0.38899 -0.50266 0.9211 -0.40483 -0.19845 0.9402 -0.59246 -0.33818 -0.54872 0.41818
india -0.20356 -0.8707 -0.19172 0.73862 0.18494 0.14926 0.48079 -0.21633 0.72753 -0.36912 0.13397 -0.1143 -0.18075 -0.64683 -0.18484 0.83575 0.48179 0.76026 -0.50381 0.80743 1.2195 0.3459 0.22185 0.31335 1.2066 -1.8441 0.14064 -0.99715 -1.1402 0.32342 3.2128 0.42708 0.19504 0.80113 0.38555 -0.12568 -0.26533 0.055264 -1.1557 0.16836 -0.82228 0.20394 0.089235 -0.60125 -0.032878 1.3735 -0.51661 0.29611 0.23951 -1.3801
germany 0.31098 0.05573 0.27293 -0.79354 0.15301 0.68547 -0.042667 0.23203 -0.90976 -0.71177 1.1649 -1.1234 -1.2657 -0.3255 0.96688 0.25919 0.57671 -0.55244 -0.73962 0.57585 0.67452 -1.1339 -0.74452 0.7491 -0.20376 -2.0823 0.081193 -0.29871 -0.64778 0.17616 2.4315 0.79447 0.40519 -0.011954 -1.1833 -0.91463 -0.013852 1.4251 -0.32726 -0.2092 0.76412 -0.55271 1.5657 -1.4095 0.51719 0.40492 -0.07026 0.2994 -0.34246 -0.28954
england -0.36165 -0.10607 -1.1168 -0.6727 -0.16521 0.068828 -1.1727 0.71667 0.16573 -0.75759 -0.14659 0.35785 -0.69141 -1.2047 0.15224 0.63566 0.87442 -0.61517 -1.7471 0.35292 0.022251 0.3899 0.020703 0.74169 0.0024097 -1.3529 0.58844 -0.4297 -0.5174 0.62258 2.8153 0.30152 0.78742 -0.079597 0.98699 0.27603 0.48672 0.59211 -0.36804 -1.2057 0.36812 -0.11797 -0.040688 0.16183 -0.20407 1.8425 -0.39529 -0.37771 0.13959 -0.77836
canada -0.72491 0.40524 -0.35895 0.65977 -0.27592 0.60496 -1.217 0.14638 0.85096 -0.74799 1.0267 -0.0491 0.40083 -0.11647 0.14594 0.32253 0.38807 -0.72773 -1.0039 -0.015682 0.66613 -0.30068 -0.01085 0.57758 -0.26283 -1.3647 0.17607 -0.54651 -0.40292 -0.14113 2.3757 0.60026 0.072329 -0.4139 -0.30918 -1.166 -0.15287 -0.18237 -0.075067 -0.30076 -0.073329 -0.19173 1.1995 -1.1107 -0.57754 1.011 -0.81894 -0.11035 0.015073 -0.03693
mexico 0.41189 -0.093082 -0.18871 1.0692 -0.53433 -0.99734 -0.55511 0.32821 0.13527 0.56191 0.4153 -0.76649 0.64603 -0.18546 0.78123 -0.89799 -0.49891 -0.2208 -0.13527 0.18387 -0.71566 -0.76888 -0.080441 0.00049022 -0.52532 -1.8385 0.17512 0.33196 0.24221 -0.56305 2.6126 -0.0023889 -0.5464 -0.73415 -0.46359 -0.75214 -1.2924 0.2636 0.28462 0.026416 -1.0242 0.57252 1.4757 -1.2457 -0.62902 0.40549 -0.41026 -0.60271 0.13786 -0.079502
italy 1.7704 -0.77758 -0.95302 0.329 0.040391 -0.086352 -0.096326 -0.14525 -0.85415 -0.091315 0.71825 -0.8378 -0.71724 -0.30078 1.2588 -0.72728 -0.26415 -0.17469 -0.57705 0.335 -0.51533 -0.43223 -0.80174 0.94644 0.0098356 -1.3264 0.59604 -0.12843 -1.0187 0.25605 2.6086 0.87975 -0.30444 0.31701 -0.66136 -0.15968 -0.28717 1.4486 -0.6017 -0.64794 0.37924 0.18643 1.2729 -1.2207 -0.20923 1.1948 -0.18 -0.35325 0.44488 -0.83675
spain 1.1595 0.21344 -0.36298 1.0122 -0.18473 -0.30199 -0.35055 0.8532 -0.71617 0.35008 1.1401 -0.58245 -0.33837 -0.36144 1.1036 -0.85338 -0.37948 -1.2075 -0.44249 0.10017 -1.0162 -0.76619 -0.6012 0.76406 -0.20989 -1.0587 0.4871 -0.63722 -0.35631 0.30415 2.6428 0.52948 -0.64095 0.11115 -0.44187 -0.54406 -0.67595 0.69745 -0.37146 -0.19252 0.54152 0.29873 1.4091 -1.291 -0.57823 0.52369 -0.44592 -0.61992 0.56161 -0.94449
turkey 0.38135 -0.20444 -0.57329 0.039556 0.56655 0.59311 0.40481 0.35574 0.14022 -0.56136 0.4968 -0.87828 0.56048 0.13002 0.53682 0.99199 0.71035 0.10209 -0.19113 1.3147 0.25936 -0.46464 0.40656 0.57927 0.30932 -2.2949 0.69226 0.39545 0.13891 -0.11567 2.5195 0.99871 -0.89958 0.98059 -0.66361 0.12376 -0.3936 0.49665 -0.99641 0.3154 -0.080299 0.51342 0.46186 -1.0601 0.31185 1.031 -0.5048 1.5887 -0.21222 -1.1793
ireland -0.2706 -0.2402 -0.88009 -0.40444 -0.011622 1.1021 -0.71965 0.51839 -0.0030454 -1.2369 0.20235 -0.036546 -0.69768 -0.98629 0.56019 0.60613 1.1449 -0.59555 -0.80208 0.32675 0.34654 -0.036589 -0.28541 1.3005 0.026286 -0.91857 0.3044 -0.6748 -0.78459 0.78328 2.3535 0.70181 0.24037 0.037098 0.17612 -0.092781 0.0065967 -0.51562 -0.39947 -0.79875 -0.009335 0.12563 -0.26138 -0.66795 -0.64793 1.2329 -0.542 0.2015 0.29772 -0.98084
brazil 0.014697 -0.4585 -0.049365 1.1068 -0.34228 -0.99984 -0.59754 -0.021446 0.070466 1.0038 1.3814 -0.15615 -0.04429 -0.64585 1.2024 -0.35262 0.094759 -0.26553 -0.16363 -0.29023 -0.90477 -0.64781 -0.23873 0.42291 0.019089 -1.194 0.68176 -0.019443 -0.42695 0.073599 2.5519 0.61103 -0.57614 0.053781 -0.22584 -0.67029 -0.91667 0.71881 0.012405 -0.55416 -0.52862 0.33267 1.2562 -1.3472 -0.43544 1.2502 -0.12576 -0.060888 0.79752 -1.1951
egypt 0.75689 0.81669 -0.25743 -0.036118 -0.010797 -0.6895 0.10243 0.41161 0.33417 0.2597 0.23271 -0.32065 -0.4423 -0.24886 0.2994 0.85705 0.61531 -0.90883 0.097914 1.8604 0.37089 0.3509 0.62258 0.0058125 0.092549 -1.6326 0.30094 -0.3016 -0.16522 0.51995 2.3563 0.21679 -0.84397 0.79183 0.093384 -0.061096 -0.14283 0.44168 -1.2029 1.0734 -0.15193 0.11218 0.58621 -0.68003 0.32269 0.48905 -0.92192 0.52071 -0.24261 -1.8315
poland -0.37702 0.47362 0.31344 -0.23711 0.70257 0.63318 0.59792 0.65035 -0.66145 -1.2128 1.2191 -1.2979 0.28255 -0.42147 0.77957 0.84576 0.32248 -0.077685 -0.20554 1.1082 0.36429 -1.4393 -0.99148 0.45876 0.13942 -1.8145 0.19684 -0.43794 0.35225 0.11821 1.7225 0.8554 0.064044 -0.38668 -1.3531 0.01901 -0.20663 0.93854 -0.73513 0.33702 0.57519 0.30103 0.8791 -1.5753 -0.7214 1.2538 -0.6145 0.19247 -0.83043 -0.68375
sweden -0.086848 -0.054822 -0.21686 0.48929 0.090268 1.2334 -0.078229 0.86243 -0.012906 -0.30699 1.7013 -0.92249 -0.55586 -0.20242 1.0713 0.88238 0.40502 -0.7269 -0.64816 0.7063 0.44183 -0.28527 -0.30205 1.0943 0.33587 -1.2768 -0.18621 -0.92921 -1.0308 -0.12491 1.8197 0.90442 0.43316 0.933 -0.11454 -0.65215 0.50676 1.0817 0.25296 0.13582 0.6853 0.26261 0.85791 -0.95491 -0.53974 1.3396 -0.34398 0.3375 -0.45213 -1.0352
switzerland 0.79869 0.33264 -0.91059 0.45683 -0.2667 0.70403 -0.41156 0.50774 -0.1844 -0.42769 1.1319 -0.96273 -0.79635 -0.10553 1.5255 0.13742 0.57205 -1.1546 -0.46592 0.61952 0.10267 -0.42356 -0.58459 1.0209 -0.63405 -1.1638 0.28353 -0.035803 -1.0052 -0.39756 1.6263 0.24798 0.11435 0.39505 -0.8008 -1.129 -0.15443 1.1941 0.44104 -0.067363 0.46842 -0.3743 2.289 -0.46953 -0.22216 0.093308 -0.26906 -0.043028 -0.10183 -0.77533
usa -1.256 0.67149 0.1418 1.5068 -0.54231 -0.014556 -1.0648 -0.60224 0.55127 -0.67244 0.39114 -0.55533 -0.54794 -0.37832 0.35629 0.15954 0.030876 0.31742 -0.87051 0.21663 -0.30207 0.12983 0.19678 0.79039 -0.56554 -0.82879 -0.19614 -0.82778 -0.6898 -1.0809 1.8179 -0.26586 0.065575 -0.1093 -0.66603 -1.1031 0.12164 -0.29828 -0.0003941 -0.72735 0.905 -0.74758 0.76054 -0.4513 0.10696 0.8653 -0.43969 -0.47675 -0.91554 0.9724
austria 0.68244 0.52086 -0.24474 0.13063 -0.18005 1.1871 0.63095 0.86369 -0.63862 -1.0327 0.84655 -1.1607 -0.93247 -0.21312 1.184 0.43035 0.71449 -0.89772 -0.73869 0.36402 0.53176 -1.076 -0.6377 1.0677 0.14867 -1.4191 -0.27277 -0.72567 -1.0916 0.31745 1.3551 0.80775 0.28205 0.42085 -1.0809 -1.023 0.083998 1.455 0.14616 0.65347 0.24415 0.20305 1.706 -0.94448 -0.12588 0.54781 -0.54201 -0.45132 -0.16022 -0.56454
norway -0.19114 0.23106 -0.48758 0.21964 0.29405 1.3024 -0.6612 0.57164 0.46737 -0.94885 1.3151 -0.52541 -0.1717 -0.33167 0.6178 0.5718 1.6381 -0.29936 -0.90686 0.86231 0.82501 -0.59277 0.17933 0.67591 0.54459 -0.99754 0.055245 -0.37603 -0.43805 -0.05424 1.4531 0.72883 -0.4747 1.1558 -0.23406 -0.51622 -0.029749 0.61013 -0.11118 0.67288 0.14379 -0.29918 0.4844 -1.5894 -0.70701 0.52108 -0.59593 0.86088 -0.12518 -1.3032
portugal 0.6456 0.0049791 -0.67766 0.401 -0.75438 -0.82693 -0.23235 0.47536 -0.7391 0.38242 1.2815 0.20652 -0.010509 -0.88947 0.97918 -0.24879 -0.1911 -0.77615 -0.37822 0.19739 -1.0084 -0.40683 -0.47939 0.5094 0.18521 -0.79979 0.89761 -0.015352 -0.67984 0.4543 2.2591 0.92831 -0.52315 0.20742 -0.2015 -0.21062 -0.31176 0.31364 -0.43091 -0.79237 0.059534 0.34345 1.23 -1.3334 -1.0515 0.82561 -0.28397 -0.30602 1.0047 -1.3454
finland -0.42922 0.44774 -0.01432 0.70618 -0.37404 1.3434 -1.0956 0.61039 -0.18392 -0.74518 2.0268 -1.1603 -0.19356 -0.025745 0.18311 0.15701 -0.38501 -0.24808 -0.13685 0.33002 -0.26976 -0.54004 -0.39968 0.71358 0.70703 -0.49809 -0.076159 -0.14174 -0.37686 -0.45351 1.5626 1.1449 -0.17127 0.61398 -0.42494 -0.83716 -0.16907 1.1466 -0.22342 0.57148 0.17596 -0.81111 1.0172 -1.8068 -0.60366 0.78446 -0.21203 0.91585 0.032117 -1.1573
holland 0.19809 0.26453 -0.43288 -0.22369 -0.30164 0.28724 -0.69037 0.37672 0.12843 -0.38424 0.56182 0.58523 -0.66418 -0.94916 0.2811 0.27439 0.94028 -0.38244 -0.81268 0.39266 0.26605 -0.49625 0.028432 0.73472 -0.28643 -0.98198 -0.070796 -0.16497 -0.22294 -0.70273 0.87189 0.060362 0.40057 0.0023147 0.19574 -0.48598 0.41274 0.47817 -0.13675 -0.11499 0.85998 0.12383 0.53533 -1.2793 0.019093 0.79872 -0.19867 -0.87705 -0.44793 0.25034
