9 300
white -0.68652 0.80125 -0.6124 -0.1512 0.997 0.81749 -1.2089 -1.0221 -0.94054 -1.2689 -0.68195 -0.12212 0.6122 0.045025 -0.10808 0.12482 -0.17278 -0.45383 -0.37728 -1.4081 -0.42975 0.31746 0.61391 -0.76399 -0.75504 -1.5605 -0.14924 1.2023 0.36776 -0.49137 2.6151 -0.37237 -0.80641 -0.56119 0.028241 -0.20089 -0.36429 -0.51476 -0.23074 -0.72258 -0.086035 0.47341 -0.035288 -0.04892 0.85295 -0.25883 -0.48159 -0.79552 -0.12247 -0.098168
red -0.12878 0.8798 -0.60694 0.12934 0.5868 -0.038246 -1.0408 -0.52881 -0.29563 -0.72567 0.21189 0.17112 0.19173 0.36099 0.032672 -0.2743 -0.19291 -0.10909 -1.0057 -0.93901 -1.0207 -0.69995 0.57182 -0.45136 -1.2145 -1.1954 -0.32758 1.4921 0.54574 -1.0008 2.845 0.26479 -0.49938 0.34366 -0.12574 0.5905 -0.037696 -0.47175 0.050825 -0.20362 0.13695 0.26686 -0.19461 -0.75482 1.0303 -0.057467 -0.32327 -0.7712 -0.16764 -0.73835
green -0.5767 0.86953 -0.49108 -0.1078 0.65377 0.32548 -1.326 -1.0114 -0.20658 -0.79937 -0.41455 0.084769 0.25426 -0.10999 -0.64696 0.17882 0.68277 -0.019661 -0.59745 -1.0414 -0.55979 -0.18503 0.49271 -0.53623 -0.63925 -0.91267 0.15709 1.3784 0.45686 -0.76237 2.5792 -0.22079 -0.59114 -0.17395 0.27835 0.30161 -0.12137 0.21278 0.23306 -0.74012 0.12318 -0.028115 -0.421 -0.60167 0.71802 0.19434 -0.11682 -1.1335 0.49009 -0.020496
blue -0.83751 0.69563 -0.51408 0.23689 0.59192 -0.027491 -1.2076 -0.98796 -0.27658 -0.4618 0.4715 0.13072 0.50393 0.50556 -0.66766 0.069073 -0.60984 -0.22776 -1.2481 -1.3521 -0.56051 -0.17952 0.22886 -0.69244 -1.1734 -0.98778 -0.81551 1.5513 0.36517 -1.1162 2.632 0.21987 0.10695 0.28438 -0.10348 -0.29667 -0.17645 -0.75838 0.085523 -0.83641 -0.12174 -0.063165 -0.072053 -0.30712 0.61861 -0.30867 0.012374 -1.1966 0.041525 -0.23966
yellow -0.18063 0.76194 -0.53856 0.07822 0.3489 0.38896 -0.51983 -0.66888 0.26164 -0.60095 0.39925 -0.093446 0.67184 0.011413 -0.24516 -0.52065 -0.67089 -0.21113 -0.89741 -1.4743 -1.2168 -1.0192 0.8226 -0.37338 -0.53138 -0.80159 -0.15924 1.9076 0.31224 -0.83472 2.2394 0.31135 -0.21577 0.17477 -0.15223 0.4988 -0.040134 -0.083109 -0.38235 -0.37043 0.50065 0.33966 -0.31732 -0.55932 1.0067 -0.26329 0.26995 -1.0854 0.47641 -1.1853
orange -0.42783 0.43089 -0.50351 0.5776 0.097786 0.2608 -0.68767 -0.31936 -0.25337 -0.37255 -0.045907 -0.53688 0.97511 -0.44595 -0.50414 -0.086751 -1.0645 0.36625 -0.52428 -1.3413 -0.2391 -0.58808 0.56378 -0.062501 -1.7429 -0.88077 -0.27933 1.4705 0.50436 -0.69174 2.0018 0.26663 -0.85679 -0.18893 -0.021125 -0.055118 -0.50337 -0.67157 0.55502 -0.8009 0.10695 0.1459 -0.55588 -0.64971 0.22046 0.67415 -0.45119 -1.1462 0.16348 -0.62946
beige -0.58409 -0.21655 -0.63813 -0.46873 0.58144 -0.8133 -0.44833 -1.6406 -0.21187 -1.1703 -0.35123 -0.37382 0.46097 0.53161 -0.13126 0.49008 -1.2893 -0.56954 0.57905 -1.3572 -0.5239 0.019454 0.17204 -0.76834 -1.279 0.21829 -1.2268 2.4593 0.40687 0.21714 0.92788 -0.86538 0.0041217 0.013002 0.082993 0.36778 -0.13185 -0.20455 -0.029461 -1.0022 0.073487 0.12418 0.23072 -0.18519 0.46311 -0.43402 0.74694 -0.30326 0.52476 0.11256
magenta -0.13393 0.48472 -0.71821 0.51121 0.2017 0.24473 0.11402 -0.95129 -0.69933 0.19039 0.73225 0.052856 0.75644 -0.4273 -0.92621 -0.493 -1.1131 -0.053321 -0.33725 -0.76692 -0.841 -0.32719 0.57661 -0.3248 -0.63378 0.68081 0.073426 1.2614 0.69041 -0.85349 -0.11972 0.18763 -0.62599 -0.31796 -0.42618 -0.1291 -0.97853 -0.19624 -0.31548 -0.12774 1.0625 -0.031638 -0.40874 -0.70275 0.097635 -0.51525 0.76193 -0.97833 0.14334 -0.44977
cyan -0.32048 0.050699 -0.67888 1.4638 0.073819 0.25944 -0.25337 -1.0732 -0.32311 0.1545 1.0719 0.48536 -0.050088 -0.37445 -0.43968 -0.52964 -0.79727 0.31603 -0.24474 -0.96312 -0.77385 -0.46958 1.1777 -0.013742 -0.45793 1.0647 0.10519 1.0471 0.47963 -1.1948 -0.55403 0.12998 -0.76082 -0.87984 -0.61657 -0.069926 -1.4858 0.087361 -0.058454 -0.17051 0.85686 -0.84142 -0.23033 -0.59445 0.18046 -0.22243 0.97699 -0.52327 0.29951 -0.70397
