14 300
water 0.53507 0.5761 -0.054351 -0.208 -0.7882 -0.17592 -0.21255 -0.14388 1.0344 -0.079253 0.27696 0.37951 1.2139 -0.34032 -0.18118 0.72968 0.89373 0.82912 -0.88932 -1.4071 0.55571 -0.017453 1.2524 -0.57916 0.43 -0.77935 0.4977 1.2746 1.0448 0.36433 3.7921 0.083653 -0.45044 -0.063996 -0.19866 0.75252 -0.27811 0.42783 1.4755 0.37735 0.079519 0.024462 0.5013 0.33565 0.051406 0.39879 -0.35603 -0.78654 0.61563 -0.95478
turkey 0.38135 -0.20444 -0.57329 0.039556 0.56655 0.59311 0.40481 0.35574 0.14022 -0.56136 0.4968 -0.87828 0.56048 0.13002 0.53682 0.99199 0.71035 0.10209 -0.19113 1.3147 0.25936 -0.46464 0.40656 0.57927 0.30932 -2.2949 0.69226 0.39545 0.13891 -0.11567 2.5195 0.99871 -0.89958 0.98059 -0.66361 0.12376 -0.3936 0.49665 -0.99641 0.3154 -0.080299 0.51342 0.46186 -1.0601 0.31185 1.031 -0.5048 1.5887 -0.21222 -1.1793
meat -0.090565 -1.2465 -1.3551 -0.68762 0.99372 0.87954 -0.37947 -0.50077 1.4837 -0.15743 0.28809 0.14668 1.708 0.42588 0.83376 0.58712 0.36133 0.2549 -0.28392 -0.51432 0.85912 -1.0503 1.3135 0.438 -0.37467 -1.2348 -0.039021 0.92608 1.0479 -0.52306 2.2526 -0.18499 0.059425 1.4299 -0.33945 0.24862 0.032415 0.9657 0.62287 -0.061792 0.10781 0.17036 0.44974 0.26617 1.6015 1.0875 -0.43432 0.50929 -0.23338 0.34138
feed 0.76106 -0.595 0.60954 -0.75247 0.31646 0.52944 -1.0724 -0.70151 1.3979 0.071803 0.70489 0.48201 1.4839 -0.22772 0.70671 0.72004 0.48935 0.44725 -0.24089 -0.50083 0.21392 -0.68853 1.2825 0.78869 0.58029 -0.33979 0.83767 0.29338 0.907 -0.19455 2.3492 0.56108 -0.082545 0.0098381 -0.65312 0.55429 -0.29991 -0.40672 0.31127 -0.30537 0.37555 -0.37427 -0.35034 0.10234 1.191 0.18407 -0.091194 -0.32597 -0.09285 -0.082652
chicken 0.17635 -0.93169 -1.349 0.026151 0.82341 0.56831 -0.090893 -0.21644 0.55252 -0.23997 -0.44371 0.053599 1.6304 0.67765 0.52136 0.14899 -0.0065463 0.56455 -0.3769 0.084988 0.53783 -0.76717 1.4227 0.66957 -0.63078 -0.79918 0.02183 0.78265 1.077 -0.87267 2.1885 0.13677 0.01664 2.0869 -0.47239 0.45255 -0.07891 1.0197 0.80588 -0.41744 0.31297 0.42592 0.11718 0.058471 1.5488 1.3478 -0.34131 -0.34141 -0.28114 0.79018
corn -0.74409 -0.85493 -0.10108 0.19383 0.55826 0.016245 -1.1138 -0.9053 0.31183 0.41473 0.11196 -0.1588 1.7873 -1.1036 0.65212 1.0174 -0.17281 -0.10081 -0.053074 -0.79783 0.25709 -1.7995 1.3188 -0.6201 -0.13692 -0.21192 0.43919 0.53439 1.3655 0.3648 2.1569 -0.76072 -0.32062 1.6712 0.54142 -0.51116 -1.1182 0.9957 1.0339 -0.12228 -0.48119 0.12823 -0.53892 -0.18899 1.5961 0.99395 0.24664 -0.092063 -0.49343 -0.071505
cheese -0.053903 -0.30871 -1.3285 -0.43342 0.31779 1.5224 -0.6965 -0.037086 -0.83784 0.074107 -0.30532 -0.1783 1.2337 0.085473 0.17362 -0.19001 0.36907 0.49454 -0.024311 -1.0535 0.5237 -1.1489 0.95093 1.1538 -0.52286 -0.14931 -0.97614 1.3912 0.79875 -0.72134 1.5411 -0.15928 -0.30472 1.7265 0.13124 -0.054023 -0.74212 1.675 1.9502 -0.53274 1.1359 0.20027 0.02245 -0.39379 1.0609 1.585 0.17889 0.43556 0.68161 0.066202
beverage -0.43103 -0.73207 -0.78259 1.1597 0.43065 -0.026327 -0.97675 -1.0877 1.3049 0.74513 0.61697 0.54224 0.46474 0.29989 0.24359 -0.039114 -0.70558 1.0044 -0.024302 -1.4891 1.2592 -0.42079 0.56225 0.43959 -0.98068 -0.25307 -0.41646 0.42192 0.27105 0.95976 1.1876 0.071678 0.17519 0.8757 -0.339 -0.8075 -1.2722 0.83045 0.9656 0.28788 0.57927 0.1104 -0.3901 0.6551 0.30487 0.89788 -1.2305 0.18218 0.68985 0.56788
seafood 0.1808 -0.6865 -1.6007 0.62266 0.18391 -0.38339 -0.87648 -0.33756 1.4375 0.2773 -0.49771 0.46384 2.04 0.53321 0.41213 -0.0016703 0.35364 0.51979 -0.07507 -0.73854 1.0848 -0.65617 0.4603 0.33104 -0.21701 -0.21771 -0.17795 0.62973 0.6904 -0.19432 1.4509 0.084894 0.65233 1.2714 0.51329 0.2468 -0.57269 0.97239 0.63352 0.28107 -0.27885 0.73214 0.73482 0.13891 1.0678 1.2536 -0.72269 0.26621 0.54942 0.80503
pasta 0.79324 -0.26557 -1.1389 0.25356 0.22545 -0.23116 0.30607 0.18377 -0.68702 0.15423 -0.53931 0.67861 1.0955 0.77141 -0.0005578 -0.33271 -0.10157 0.89059 0.27152 -0.74114 0.82201 -0.86 1.6333 0.28069 -0.17785 0.16035 -0.15647 1.16 1.1257 -0.29751 1.4748 0.1016 -0.48387 2.2418 -0.13545 0.5701 -0.82539 2.337 0.85614 0.2931 0.86652 0.53154 0.038039 -0.017194 0.7694 0.69977 -0.083494 0.14356 0.55204 0.58175
coconut 0.015178 -0.29119 -0.92706 1.4612 0.34613 0.32874 -0.64685 -0.28243 0.16359 0.078024 -0.53086 0.19829 1.7005 -0.28125 -0.24261 0.23029 0.024347 0.66531 0.75264 -0.74794 0.14898 -0.032779 1.1806 -0.033963 -0.28986 0.92979 0.32837 1.0372 1.1105 -0.3405 1.704 -1.0901 -0.72494 1.5929 0.055758 0.30611 -1.1585 0.17967 1.197 -0.32557 -0.074167 -0.16243 -0.36471 -0.21456 0.54341 1.3382 -0.72651 -0.86155 0.19001 -1.0521
hamburger 0.56068 -0.31522 -0.54042 -0.26548 0.73862 0.29036 -0.10477 -0.27958 -0.094689 -0.020966 -0.18634 0.051962 -0.79966 -0.073098 0.64928 -0.19317 0.17182 0.60978 -0.65947 0.64649 0.51256 -1.3353 0.35422 1.815 -0.85731 -0.76971 0.086363 0.68001 0.33193 -0.71667 0.43399 0.7147 1.1345 1.6524 -0.76865 0.10321 0.38597 1.4042 0.50959 -0.15004 1.3874 -0.31754 -0.30782 0.18247 1.5561 1.1741 -0.43899 -0.057393 0.42785 0.79127
yogurt -0.10136 0.47863 -1.2343 0.66863 0.24554 1.0711 -0.27806 0.14194 -0.18084 0.67779 0.63179 0.21606 0.95875 -0.065592 0.32699 0.53533 -0.52689 0.99971 1.1127 -0.37582 0.56527 -0.47669 1.5912 1.4045 -0.78149 0.25131 0.19062 1.5436 1.4333 -0.078454 1.1747 0.57677 -0.074755 1.8033 0.27391 0.22241 -1.1542 1.0357 1.1248 0.18389 0.81158 -0.39049 -0.22423 -0.121 0.71414 0.74637 -0.36462 0.47096 0.83941 -0.36009
pears 0.21959 -0.045742 -1.1213 -0.072971 0.51436 1.0631 -0.52291 -0.27847 -1.7802 0.12141 -0.43479 1.3037 0.81595 0.0028859 0.5765 0.43097 1.1709 0.25785 0.43098 -0.45598 0.74085 -0.79516 1.5441 0.088714 0.17279 1.2722 0.84697 0.60169 -0.17335 -0.72504 0.34294 0.017846 0.4097 0.51511 0.56105 0.43514 -1.3717 0.26762 1.1135 -1.0314 -0.56369 0.032004 -0.23405 -1.3635 0.89055 1.0337 0.68947 0.27769 -0.14978 -0.25038
