9 300
fruit 0.59568 0.22465 -1.1312 0.30695 1.2447 0.67269 -0.82091 -0.57731 0.77831 0.6483 -0.096641 0.12117 1.5335 -0.22049 0.34732 0.035137 -0.17402 0.3735 0.40185 -1.2994 0.23554 -1.0455 1.4656 -0.036403 -0.16088 0.079912 -0.0080801 1.2907 1.2154 -0.42619 2.4576 -0.12162 -0.28468 0.69763 0.59817 0.14596 -1.2759 0.94443 0.27617 -0.052994 -0.61665 -0.1966 -0.52961 -0.68732 1.3299 0.44458 -0.075366 -0.45485 0.16166 -0.40017
ear 0.06816 -0.027484 -0.20271 -0.27316 0.18241 0.78368 0.88197 0.37067 0.52903 0.080483 0.43977 0.22112 0.88341 0.39908 -0.53073 0.91772 -0.84229 0.20069 -0.079411 -0.11272 -0.37741 0.35685 0.70439 -0.2539 0.69403 -1.4832 -0.43995 0.94057 -0.039498 -1.0863 2.0647 0.25341 1.0151 0.26483 -0.78757 0.64534 0.58233 0.13638 0.90244 -0.48046 0.40734 0.73615 -0.91435 0.99433 1.0894 0.075207 0.78502 -0.63539 -0.92165 -0.055057
berry -0.2867 0.69804 -0.76497 0.56834 0.19619 0.67595 -0.78962 0.21369 -0.080159 0.072408 -0.22145 0.47757 0.095669 -0.63623 0.49369 -0.0072939 0.1016 -0.083156 0.090646 -0.6641 -0.036381 0.18448 0.9748 -0.22152 -0.31165 -0.16444 -0.35179 0.21672 0.041489 -0.45431 0.88351 -0.7315 -0.065025 0.0084603 0.49178 -0.21493 -0.64728 0.21282 0.90379 -0.21076 -0.068261 0.73679 -0.79577 -1.0826 0.44411 -0.24798 -0.0082742 -1.0485 -0.66434 0.87525
mango 0.26381 -0.31832 -1.0953 1.3305 0.24761 0.045313 -0.39509 -0.52107 -0.016796 0.33175 -0.53252 0.43263 1.2306 -0.36963 0.15989 -0.433 -0.29768 0.768 0.71255 -0.85675 -0.076953 -1.0284 0.9337 0.24969 -0.13985 1.0316 -0.15809 0.80512 0.50535 -0.50557 1.1237 -0.45083 -0.27552 1.3537 0.3553 0.39403 -1.1213 0.027925 0.57582 -0.63611 -0.53506 -0.080186 -0.78026 -1.1595 1.0318 0.94337 0.026387 -0.96839 0.54497 -0.16479
pineapple 0.15848 -0.76146 -1.0108 1.6672 0.08347 0.56438 0.04086 0.034518 -0.37527 0.29167 -0.77229 0.5281 1.3271 -0.31932 -0.077804 -0.25632 -0.038079 1.1021 0.26768 -0.93017 0.66462 -0.96146 1.195 -0.11758 -0.15237 0.57881 -0.10344 0.91128 0.8994 -0.926 1.1036 -0.19987 -0.44895 1.6168 -0.067631 0.29682 -1.4074 0.17533 0.7228 -0.93541 -0.20745 -0.21869 -0.73091 -0.83792 0.31138 1.1264 -0.0075396 -0.88382 0.39123 -0.52075
kiwi -0.3938 -0.48575 -0.8177 0.27144 0.2109 0.14699 -1.23 0.04128 0.23015 -0.075097 0.40016 1.0942 0.2384 0.49601 -0.31515 -0.16299 0.47857 0.4825 -1.0452 -0.60772 -0.80243 0.28539 -0.16535 0.013718 -0.025723 -0.093043 0.68574 0.23232 -0.08744 0.20484 0.40366 0.55869 0.20085 1.0984 0.63003 0.082532 -0.42141 -0.53543 -0.25036 -1.1416 -0.027382 0.044607 -0.21225 -0.013075 0.60638 0.61928 -0.28431 0.41212 0.32745 -0.2784
acorn 0.11007 -0.52111 0.82378 0.23008 -0.15532 0.31262 -0.2422 -1.1597 0.50262 0.38197 -0.33494 -0.02563 0.11376 0.093795 0.091162 0.020299 0.00037162 1.4519 0.20431 -0.00013674 0.79262 -0.84832 0.60408 0.32566 -0.54335 -0.080883 -0.095673 -0.22633 -1.1575 -0.20444 0.050832 -0.22065 -0.16163 -0.11903 -0.71217 0.26162 -0.13308 -0.154 0.63175 -0.70414 0.029836 -0.61263 -1.4926 1.009 0.89791 -0.24685 -0.1582 -0.034227 0.22335 -0.37778
watermelon -0.11169 -0.73634 -0.87099 0.66481 0.8636 -0.078829 0.52128 0.18377 0.21471 0.37623 -0.46969 -0.66462 0.948 -0.17327 0.661 -0.58227 0.079968 0.95237 0.60184 -0.4136 -0.23314 -1.007 1.3132 0.3262 -0.65398 0.40491 -0.60377 1.0947 0.58395 -1.0347 0.54564 0.10824 -0.33077 1.1553 -0.266 0.84132 -1.0607 0.7356 0.84014 -0.81504 -0.47628 -0.23533 -0.81993 -0.40683 0.98664 0.045194 0.4074 -0.41 0.22201 -0.25359
plums 0.27733 -0.088459 -0.97675 -0.16509 -0.33666 0.71318 -0.40203 -0.43754 -1.5582 0.41273 -0.56164 0.66649 1.2761 -0.23673 0.71148 -0.18907 0.19378 0.89747 1.1446 -0.86509 -0.0012689 -0.78368 1.6529 0.22262 -0.27906 1.1211 -0.0040303 0.98558 0.30941 -0.80502 0.27277 0.47828 -0.58112 0.34003 0.7747 0.59414 -1.7893 -0.062817 0.70671 -1.3685 -1.068 -0.69996 0.21034 -1.1034 0.31811 0.56433 0.52652 -0.0031398 0.20158 -0.7127
