14 300
butterfly -0.044005 0.77475 -0.77523 1.4307 0.13771 0.45879 0.56295 -0.50569 1.657 -0.75087 -0.049541 -0.52203 0.8091 0.16592 1.1114 -0.52922 0.40712 0.053937 -1.6479 -1.148 -0.82796 -0.43042 0.23661 -0.11981 1.1127 -0.33138 -0.25964 0.082442 -0.86581 -0.36848 0.66796 -0.32274 -0.11277 0.4898 -1.195 -0.38779 0.65561 0.67454 -0.65664 -0.669 0.45747 -0.26985 0.63983 0.69449 0.73995 0.12497 0.16706 -2.0722 -0.14311 -0.46015
bee 0.55155 0.75707 -0.34582 0.32797 -1.2097 -0.22715 -1.1886 -0.34149 0.81989 0.35323 0.1162 0.93631 1.0102 0.61367 -0.096352 0.35296 -0.25214 -0.59074 -0.44995 1.0245 -0.67902 -0.88719 1.8099 0.49775 -0.13206 -1.0003 -2.0955 0.23007 -0.83712 -0.63199 0.52696 0.4677 -0.082436 0.73422 0.46072 -0.25125 -0.13558 0.15205 0.68488 0.22456 -0.63451 0.74122 -0.96944 0.22064 1.0687 -0.38995 0.13884 -0.66657 0.47435 0.56938
beetle 1.2942 -0.48913 -0.47901 0.46527 0.75218 0.94848 -1.2685 -1.5951 0.44514 -1.3466 0.41216 0.54605 0.26267 -0.60861 1.0049 0.32237 -0.20717 1.4104 -1.1669 -0.76585 -1.424 -1.6105 0.17956 0.54347 0.14673 -0.38277 -0.34971 1.2056 0.58435 0.49863 0.011626 -0.68191 -0.40848 0.51971 0.021335 0.11332 -0.82574 -0.38328 -0.46684 -0.78338 0.039894 -0.85991 -0.41208 0.1852 1.4854 0.35313 0.3419 -0.61322 0.64462 -0.47571
insect 1.6807 -0.93995 -0.98881 -0.19775 0.6983 0.65944 0.43355 -1.3713 1.0884 -0.34642 0.70568 0.52862 1.5516 0.24165 0.16251 0.029928 0.16436 0.27674 -1.4645 -0.20519 -1.1163 -1.5448 0.41478 -0.21763 0.0068376 -0.29612 -0.28023 0.10654 0.71412 0.014091 0.93592 0.22769 -0.085109 -0.87982 -0.94736 1.1979 -0.44784 0.58722 0.31581 0.00015737 0.039157 0.12435 0.17716 1.0918 1.6525 0.45542 0.72444 -0.57763 0.25044 0.14054
ant 0.6734 -0.48774 -0.5861 0.32338 0.56756 0.23663 -0.64305 -0.53961 -0.0099409 -0.80632 0.35767 0.9699 0.67127 0.40689 0.1089 0.35832 0.74568 0.28874 -1.1524 0.41785 -0.42827 -0.63627 0.60103 0.97918 0.087392 0.20913 0.079497 -0.14906 0.47589 0.14898 0.62786 -1.0231 0.034738 0.2563 -0.48078 0.52082 -0.15008 -1.1917 0.19115 -0.15885 0.28865 -0.59585 -0.60087 0.61836 1.7035 -0.041247 0.26282 -0.80837 0.42369 0.10184
flea 0.82817 -0.86029 -0.78631 -0.50112 -0.028046 -0.99556 -0.97904 -0.57661 0.71361 0.51441 0.42819 0.31146 0.70252 0.44865 0.51413 0.45316 -0.15208 -0.0286 -1.0655 -0.36227 0.31343 -0.82569 -0.26862 1.1549 -0.65179 0.12046 -0.53067 0.57456 0.65694 -0.2722 0.27933 0.13845 0.87052 0.43562 -0.33462 0.48242 -0.26847 -0.36995 0.63343 -0.11411 0.3159 0.64413 -0.47742 0.66614 1.7471 0.22794 0.75875 -0.78919 0.092405 0.25617
hornet 1.0208 -0.65345 0.29051 0.46811 0.20312 0.26015 -0.51469 -0.86599 0.12094 -0.36908 0.76219 0.57756 -0.16202 0.57844 -0.99655 -0.35426 -0.97831 1.0159 -2.6142 -0.2563 -1.4693 0.22832 0.13566 -0.23733 -0.79154 -0.25625 -0.043087 0.21449 0.79199 0.34218 0.030556 0.4368 -0.49783 0.5099 0.33084 -0.54549 0.36639 -1.2053 -0.48172 -0.47866 0.91834 -0.2601 -0.23166 -0.043409 0.55273 1.0765 0.20857 -0.013124 -0.65342 1.4322
locust 0.78236 -0.76459 -0.61182 -0.41517 -1.0075 -0.76016 -0.19486 -0.75618 1.0181 -0.82638 -1.2891 -0.61689 0.44531 -0.93573 -0.30989 0.22107 0.51319 0.15534 -0.90731 0.59554 -0.68578 -1.515 -0.024378 0.27344 -0.23622 -0.075403 -0.28006 0.31738 0.3535 -0.10724 0.25512 -0.59331 -0.27852 0.43796 -0.39415 0.17316 -0.54525 -1.1817 0.24054 0.092155 -1.1482 -0.26433 -0.50471 0.11968 1.7999 1.0028 0.94642 -1.0555 -0.25623 -0.47557
firefly 0.94906 -0.65335 0.026222 0.44227 -0.10902 0.10959 -0.34593 -1.1758 0.66868 0.4155 -0.023973 0.82337 0.37945 -0.078002 -0.020142 0.17805 -0.63264 0.83372 -0.6869 0.075415 0.15876 0.033896 0.48269 0.4838 0.18179 0.42306 -0.48167 -0.09457 0.43949 -0.57051 -0.48772 -0.22504 -0.41976 0.036856 0.027068 0.0016147 -0.24029 -0.89397 -0.53574 -0.39435 0.49339 -0.20203 -0.71791 0.012996 0.2046 0.28683 0.65587 -0.60536 -0.37841 0.62771
nymph 0.56036 0.81532 -1.1148 -0.15125 0.19596 0.65245 0.31364 0.13007 0.33497 0.1054 1.1088 0.88121 1.5786 0.87004 -0.058323 0.1153 0.20134 0.53958 -1.1622 -0.12842 -0.39078 0.28597 0.46196 0.08659 1.691 0.39023 -0.13381 0.62496 -0.32018 0.33415 -0.31947 -0.13723 -0.1802 0.81703 -0.46709 0.034642 -0.23558 -0.55896 0.63181 0.016834 0.34235 0.088527 -0.25206 0.29084 0.10837 -0.91848 1.0218 -0.94782 0.81361 -1.1359
pupa 1.1268 -0.0051433 -0.55348 -0.26046 0.28461 1.6854 0.38511 -0.084369 0.80064 -0.34143 0.43686 -1.1006 0.59916 1.2391 0.13016 0.42174 0.23838 0.37873 -0.5032 -0.42615 -0.63302 -0.29706 0.68908 0.78472 -0.28543 0.65119 0.012111 1.2254 -0.096837 0.30714 -0.75081 -0.75372 -1.2266 -0.42073 -0.44068 -0.65885 -0.1017 0.20135 -0.35533 -1.3131 0.024884 -0.77769 -0.57517 -0.57881 0.15444 0.15634 1.12 -1.1096 -0.91869 0.17168
cicada 0.28198 -0.48178 -0.5606 -0.46599 0.19242 0.41431 0.2808 -0.18501 0.91337 0.58961 0.054869 -0.16065 1.2651 1.0001 0.18953 -0.56428 -0.16327 0.008093 -0.2667 0.86975 -0.84456 -0.81303 0.20962 0.84606 0.081496 0.1532 -0.22156 -0.10605 0.051739 0.12828 -0.64563 -0.92593 0.26326 0.68628 -0.49285 -0.36422 -0.35472 -0.89668 -0.25632 -0.56742 -0.44924 -0.7024 0.21205 0.73586 1.188 -0.15951 0.5236 -0.31319 -0.23538 -0.30115
hymenoptera 1.3067 -0.59699 -1.869 -1.4404 0.7992 0.1886 0.70867 -0.21148 0.10462 -1.1791 0.43125 1.1198 1.2126 -0.48093 -0.077945 -0.9495 -0.53982 -0.6 -0.058259 -0.12533 -0.17381 -1.1269 -0.34069 0.83072 -0.50951 1.0752 0.4697 -1.4392 -0.23117 0.18265 0.074703 0.71518 0.5778 -0.2061 -0.68329 1.0725 -0.29793 -0.37579 0.16153 0.63523 1.2285 -0.72058 0.97625 1.0331 1.2128 0.50284 0.58869 -0.0030634 -0.24867 0.2024
odonata 0.34124 -0.34607 -1.0188 0.071273 0.45613 -0.44714 0.91284 0.23844 1.1018 -0.47116 0.94283 1.2411 1.0299 0.34895 0.35694 -0.74785 -0.92064 -0.43728 -0.44915 -1.0645 -0.74944 -1.1486 0.4965 0.41553 -0.39491 1.2093 -0.69039 -1.0461 -0.46102 0.44066 -0.6281 0.37741 0.51337 -0.24337 0.18447 0.31679 -0.25866 -1.0863 -0.24064 0.63096 0.091379 -0.066276 0.76978 0.57959 -0.3769 0.40216 0.31315 -0.62113 -0.58365 -0.23708
