12 300
movement -0.30695 -0.33417 -0.41905 -0.77643 0.13629 0.21405 -0.14562 -0.41073 0.010722 0.72117 0.83375 -0.92261 -0.60803 0.47743 -1.3782 -0.39002 0.48779 -0.52937 0.26822 0.11146 -0.51849 0.17737 -0.2164 0.18044 -0.045634 -1.1083 -0.68162 -0.69731 -0.076416 0.9256 3.5251 -0.5079 -1.3771 -0.42826 -1.2412 -0.47069 -0.13225 -0.66188 -0.3952 1.0899 -0.1816 -0.36169 -1.0835 -0.34647 0.63106 -0.2806 -0.48895 -0.6348 -0.14443 -0.84288
transportation 0.38843 0.1006 0.63 0.58257 -0.55069 0.068603 -1.0572 -0.83439 0.94222 -1.29 -0.032623 0.19448 0.23578 -0.040209 -0.52995 -0.11006 -0.29619 0.49865 0.58626 -0.94889 1.1454 -0.64267 -1.0861 -0.36501 0.19308 -1.0526 0.72653 -0.23407 0.45816 0.45449 2.5827 0.19669 0.033989 -0.76017 0.3942 -0.065872 -0.097967 0.60217 0.49355 1.5378 -0.71963 0.50651 0.99533 -0.33721 -0.60171 -0.16576 -0.6534 0.48509 0.85366 1.1676
passing -0.47864 0.14274 0.53942 -0.71746 0.065281 0.083808 -0.5473 0.32552 0.54418 -0.028454 -0.8392 -0.28647 -0.17959 -0.0062555 -0.26377 -0.8167 -0.063495 -0.087912 -0.69696 -0.52635 -0.14571 0.016337 -0.099726 -0.088669 1.0107 -1.5726 0.30415 0.2879 0.84665 -0.59781 2.4713 0.31741 0.074538 -0.30981 0.844 0.45288 0.50868 0.11978 -0.43333 0.5553 -0.53391 0.13143 0.14726 0.35179 -0.7595 -0.0090617 0.43178 0.089367 0.54738 -0.45327
throw -1.3817 -0.25917 0.5799 0.048659 0.82929 0.25555 -0.068836 0.66607 -0.47363 0.35725 -0.52107 0.070964 -0.4013 0.65655 0.62329 0.029971 1.1263 -0.36228 -0.89562 -1.1272 -0.060571 -0.14583 0.26473 -0.52034 0.77264 -1.5359 0.4276 0.039617 1.2894 -1.5199 2.0242 0.62732 -0.75947 0.57606 -0.090925 0.46994 0.35131 0.34163 0.41969 0.10065 -0.36956 0.45086 -0.18452 0.85489 0.045205 -0.33172 0.50232 -0.16908 0.1854 -0.38577
twist 0.19642 0.054484 -1.0647 0.25589 0.45248 1.0443 0.53392 0.15748 -0.44863 0.63508 -0.87329 0.088676 -0.41554 0.69046 0.2911 -0.20345 -0.1935 -0.21144 -0.38139 -0.66999 0.22063 0.0021454 -0.17491 0.41573 0.38168 -0.98835 -1.05 0.76461 0.88391 -0.29262 1.6415 -0.29989 -0.11428 0.53206 0.069539 0.0011228 -0.53784 -0.20227 -0.13164 -0.67373 0.093939 0.44361 -0.65771 0.061664 0.22269 0.30279 1.3353 0.24247 0.13825 0.1253
lowering -0.20267 0.13 0.24433 -1.7181 -0.31049 0.7159 0.59144 -0.49543 1.0903 0.93088 0.41836 0.06752 0.12245 -0.025551 -0.13007 0.40209 -0.3717 -0.9515 0.42921 -0.88148 0.80886 -0.97659 -0.1982 -0.62656 -0.47066 -0.95115 0.55235 0.40902 0.56733 0.61112 1.6906 1.3398 0.39084 0.018207 0.35406 -0.7198 0.23084 0.4616 0.19454 0.087453 -0.64291 -0.264 0.62237 0.2683 0.23501 -0.56946 0.55352 0.24147 0.55588 0.21695
transplant 0.98869 0.2302 -0.13302 -0.30719 -0.24067 1.4055 -0.235 0.87773 1.5632 0.50269 0.769 -0.36752 0.86219 1.0058 0.55302 0.18655 -0.59427 -0.2816 0.533 1.0533 -0.5683 -0.25795 -0.11994 -0.51643 -0.26661 -0.97582 -0.14621 -0.68832 -0.56815 -0.5462 1.3954 0.33912 -0.17658 -0.4858 -0.3351 0.938 1.3638 1.2634 1.7219 -0.9334 -0.61252 -0.37753 -0.40057 0.49292 1.0469 0.28023 0.011397 0.03293 -0.79023 0.81005
bending -0.66881 -0.29856 -0.2713 -0.89442 -0.26193 0.60421 1.3982 -0.40358 0.25058 0.26544 0.076583 0.039506 -0.67312 0.5972 -0.63927 0.23532 0.23068 -0.29282 0.19311 -1.048 -0.17744 0.15099 -0.082729 -0.17504 0.82709 -0.55387 0.082461 0.7914 0.69862 -0.55729 1.4736 0.21531 0.11871 0.04883 -0.50477 0.28059 -0.23495 0.055915 0.055442 0.45373 -0.23889 0.38825 -0.16517 0.5425 -0.39348 -0.54772 1.6891 -0.67247 -0.24847 -0.64105
zionism -0.99773 0.26533 -0.35179 -1.4975 0.42805 0.90769 0.65594 -1.6125 -0.83446 0.49343 -0.10779 -0.74535 -0.3894 -0.39685 -0.074203 0.14099 1.0162 -0.31071 -0.020524 0.9408 -0.22977 -0.37815 -0.52577 -0.20299 0.56378 -1.0653 -0.54618 -0.35796 0.64518 0.17718 -0.23835 -0.15485 -1.3033 -0.81442 -1.8271 -0.88236 0.023701 -0.16177 -1.1684 1.1696 0.29089 -0.98697 -0.047886 0.68012 0.59961 0.5776 -0.22568 1.07 -0.69357 -0.64105
insertion 1.2803 -0.25745 0.057845 -0.19496 -0.28484 1.1252 0.81046 0.25206 0.58779 0.1889 0.4659 0.073198 0.57609 0.9298 -0.85337 0.23492 -0.4097 -0.66579 -0.62692 0.15088 0.10722 -0.80816 0.0058087 -0.23226 0.12454 -0.00052157 -0.23227 0.044634 0.71847 -0.26332 1.0444 -0.5851 -0.57216 0.2632 -0.18242 0.38304 0.66984 -0.057423 -0.049193 0.19744 0.60462 -0.19765 -0.67053 0.78409 -0.12578 -0.98854 1.7131 0.49768 -0.3999 0.07175
recoil -0.90836 -0.90799 0.82773 -1.5019 -0.56698 1.0195 0.99949 0.018775 0.08249 0.36762 0.86865 0.06018 0.28647 0.76402 -0.81259 1.1258 0.67505 0.98874 -1.0533 -0.98334 0.20866 -0.56256 -0.18406 -0.38095 0.33477 -0.40302 0.19962 0.35345 1.4523 0.71889 0.70008 -0.035608 0.13884 -0.19145 -0.14823 0.25226 0.76155 -0.77176 -0.1068 0.26645 -0.017306 -0.20952 -0.70761 0.95449 -0.094994 -0.59566 0.83245 0.33822 -1.1109 0.48547
scherzo 0.26304 -0.7584 -1.1215 -0.084421 0.010736 0.92298 1.2235 0.59979 -0.37118 1.1935 0.013153 -0.58407 -0.78751 1.3428 -1.2844 -1.4567 -0.25572 -0.61378 0.046143 0.38113 -0.77426 -0.644 -0.23284 0.76686 0.067297 0.93192 -0.69023 -0.16363 0.47409 -0.00028575 0.64795 -0.74486 -0.20359 0.66813 -0.35179 -0.21191 0.79287 -0.20485 -0.22566 0.5635 0.078042 -0.91676 -1.0182 -0.7203 0.30149 0.92038 0.80865 -0.54977 0.35398 0.30348
