14 300
shepherd 0.13209 0.10081 -0.52077 -0.74499 0.57613 0.73559 -1.4576 -0.14362 0.1676 -0.92297 0.094815 0.93667 0.28084 0.60297 -0.47147 -0.12679 0.9768 0.20029 -0.87211 0.44019 -0.28019 0.95655 -0.29177 0.34287 0.63837 -0.57535 0.62234 -0.30782 -0.16678 -0.2957 0.7781 -0.30747 -0.37712 0.32668 -0.13548 0.078197 0.23421 -0.98845 0.42007 -0.11165 0.47181 0.13281 -0.17795 -0.40135 0.62496 0.059372 -0.21834 -0.32063 0.13895 0.37488
leopard 0.9789 -0.30353 -0.093432 0.38361 -0.089736 0.52357 -0.72271 -1.8051 0.27526 -1.1067 0.58129 0.4147 0.79609 -0.3139 -0.093763 0.4498 -0.38369 0.69064 -1.3763 0.56254 -1.411 -0.43504 0.46302 -0.67322 -0.27069 -0.1029 -1.2388 0.83317 -0.084054 -0.98857 0.6515 0.19361 -0.30051 1.2494 0.26042 0.85018 -0.074142 -0.70419 -0.61675 -1.1334 -0.022069 -0.090977 0.32238 -0.41499 0.66722 -0.47378 0.5597 -0.4093 0.52686 -0.5031
mammal 0.98206 -0.29941 -0.57232 0.33373 1.017 0.92792 -0.68627 -1.1859 1.9509 -0.67459 0.65137 0.048149 1.8017 0.99335 0.68687 0.14192 0.52542 0.017853 -1.2253 0.75599 -1.1728 -0.58751 -0.13886 -0.42091 0.63427 0.22203 -0.20675 -0.67514 -0.23448 -0.09205 0.55833 -0.92495 0.4536 -0.31594 -0.084216 0.18612 0.28237 -0.32339 0.2433 -0.023619 -1.3951 -0.85038 0.91183 1.3205 0.55118 0.31762 0.18765 -0.41939 -0.55578 0.024226
bongo -0.48659 0.20329 -0.20596 0.72419 -0.48285 -0.11406 0.027104 1.0357 0.14553 1.1287 0.66575 0.20758 0.45176 -0.19841 0.031928 0.33307 -0.70056 0.3632 0.41911 0.52809 -0.69683 0.57293 1.274 -0.41469 0.059385 -0.15093 -0.17389 -0.00071893 -0.47373 0.90246 0.11405 -0.18254 -1.0953 0.94874 0.80437 0.36936 -0.089146 0.40498 0.23459 0.35809 0.10832 1.0416 -1.6358 -0.75622 -0.020867 0.76301 -1.2348 -0.14841 0.037369 -1.2933
canine 0.97899 -0.55501 -0.61538 -0.2716 0.51592 0.38158 0.32572 -0.51396 1.3448 -0.76629 0.5918 0.1861 0.43692 0.69988 -0.45812 -0.4169 -0.1841 0.7991 -0.57169 0.061682 -1.0372 0.11688 -0.25549 0.83366 -0.30271 -0.34125 -0.81545 -0.39772 -0.65696 -0.23145 0.50356 0.78543 0.32997 0.1383 0.028283 0.94018 -0.16211 -0.31522 0.04869 -0.76994 0.22376 -0.089277 -0.23228 1.2761 0.90126 -0.58518 0.85613 0.097241 0.062462 0.12797
otter 1.2759 0.20033 -0.62093 -0.44932 -0.074753 1.9058 -1.0969 -0.3607 0.68654 -1.2836 0.60341 0.40239 0.82563 0.54225 -0.61886 0.10999 0.68221 0.0513 -1.2641 -0.7289 -0.56537 -0.98426 -0.1754 0.12309 0.13191 -0.076299 -0.66818 0.80763 -0.23243 -0.49605 -0.3481 0.10725 0.080633 0.62753 0.54973 -0.83026 -0.24558 -0.31664 0.31799 0.73941 -0.72737 0.46638 0.30295 -0.78651 -0.17068 -0.68421 0.30324 -0.77724 0.30766 0.34195
capra 1.0088 -0.49251 -1.2289 0.0062044 -0.32431 0.21809 -0.25547 -0.87769 -0.65725 0.85075 -0.55063 1.4376 0.082261 -0.22999 0.54338 -0.8033 0.26535 0.49165 -0.66369 0.42712 -0.084444 0.09586 0.27667 -0.56417 0.53511 -0.15478 -0.46385 0.29401 0.0062286 -0.81231 -0.79381 -0.31115 0.071994 0.27963 -0.27488 -0.26514 -0.75776 0.67479 -0.39406 -1.1339 0.21431 0.115 0.62183 -0.98938 -0.18331 0.68707 -0.10198 -0.78173 0.0083149 0.649
raccoon 0.8377 -0.53097 -0.74241 -0.50646 -0.30155 1.3504 -0.85023 -0.75341 0.63258 -0.675 -0.022394 -0.04494 1.4981 0.053834 -0.7372 0.030819 0.40496 0.52905 -0.80132 0.37997 -0.97296 -0.39288 0.66091 0.90532 -0.018059 -0.56458 -0.84065 1.2664 0.33051 -1.6113 -0.46451 0.22542 0.050729 0.53908 0.16457 -0.12503 -0.63635 -0.85457 0.13854 0.041439 -0.36136 0.33373 0.098563 0.046878 0.58772 -0.85561 0.37288 -0.51598 1.0602 0.20472
sloth 0.45442 0.086417 -0.72779 0.22805 0.7979 0.73976 0.41474 -1.0603 -0.42068 -0.36678 0.16351 1.1258 -0.099862 -0.47717 0.22751 0.33763 0.87621 0.86476 -0.84431 0.31871 -1.3 -0.80563 -0.040519 -0.49108 -0.38537 0.18391 -0.43094 0.85871 0.3448 -0.31274 -0.91903 0.54905 0.67769 0.5153 -0.69395 0.68288 -0.94929 -1.2356 0.5153 -0.2031 -0.095143 -0.20654 -0.41524 0.9467 0.98071 0.06539 0.023472 0.58109 0.17096 -1.05
armadillo 0.51667 -0.79984 -0.27045 0.92046 0.67777 -0.32143 -0.094242 -0.52412 0.55201 -0.53815 0.34819 -0.3629 0.3022 0.68235 -0.12242 -0.1964 -0.074068 1.4966 -0.54838 0.015081 -0.67638 -0.19929 -0.31119 -0.012179 0.053995 0.31574 -1.2175 0.32449 -0.11883 -0.94505 -0.676 -0.28951 0.24676 0.77728 -0.47859 0.047842 -0.60438 -0.11681 0.36187 -0.045934 -0.24389 -0.82501 0.192 0.11635 0.89915 0.23059 0.36246 0.1917 -0.6536 0.16006
hyena 0.47727 -0.75275 -1.0737 0.15443 0.7276 0.61707 -0.24313 -0.44117 0.20423 -0.63445 0.83576 0.22772 0.89109 0.7314 -0.074709 -0.21671 -0.097805 0.010893 -0.89021 -0.26435 -1.2764 -0.17219 0.57052 0.54885 -0.38791 0.19787 -0.43334 1.0728 0.097972 -1.0322 -0.41806 -0.15119 0.4635 0.31939 -0.7249 -0.031518 -0.60855 -1.3542 -0.39292 -0.25836 -0.055682 -0.0741 0.12934 0.12893 1.4411 -1.4597 0.47134 -0.78539 0.11515 -0.14906
dingo 0.40952 -1.3218 -0.24622 0.11404 0.27317 0.74832 0.10516 -0.64596 0.1051 -0.46701 0.16152 0.35132 0.073884 -0.42276 -0.027546 0.32317 0.44958 1.0359 -0.7507 0.4586 -0.63928 0.011021 -0.057651 -0.19733 0.63076 0.41141 -0.69361 0.013499 0.024135 -0.36674 -0.50881 -0.27957 0.35225 1.1362 0.35975 0.16995 0.27617 -1.1904 -0.45988 -0.66397 -0.70004 -1.0295 -0.43848 0.29647 1.4912 -0.75947 0.17138 -0.18015 0.60352 0.035476
sasquatch 0.3241 -0.41534 -0.5019 -0.077968 0.0064362 -0.43419 -0.03878 -0.86207 0.97787 1.0615 -0.25959 0.1826 0.096198 -0.1608 0.81042 -0.83647 0.10379 0.9124 -0.42137 0.29375 0.096903 -0.090847 0.84631 1.1847 0.036724 0.40686 -1.1477 -0.17729 -0.45614 -1.1567 -0.74167 -0.24787 -0.46731 0.33574 -0.59106 -0.018561 -0.55584 -0.84339 0.23918 0.28564 0.1825 -0.28866 -0.73295 0.64534 -0.31771 -0.18168 0.81417 -0.50448 -0.2234 -0.72123
lagomorpha -0.58068 0.39723 -0.18469 0.044828 0.51696 -0.916 1.5489 0.15508 -0.019916 -0.79417 -0.25813 1.825 0.22465 -0.49185 1.2304 0.05863 -0.16449 -1.7395 0.15125 -0.21044 0.42362 -0.63938 -0.58604 0.67879 0.063718 1.2439 0.38694 -2.5204 1.0317 0.28295 -0.66689 0.69452 -1.6838 0.24244 0.18835 0.85104 0.85094 -1.3517 0.1781 0.69157 1.0444 -0.12904 1.4334 0.39035 -0.5612 1.6792 1.2729 0.23605 0.99291 0.27268
