12 300
wing 0.19945 -0.3828 0.52653 -0.82113 0.49349 0.63348 -0.25411 -0.95559 -0.44004 -0.81511 0.32102 -0.32877 -0.9739 1.9299 -2.1202 -0.38376 0.32122 -0.47603 -1.0547 0.18553 -0.97306 -0.21457 -0.16383 -0.0064996 -1.0928 -1.1294 0.50279 0.18685 -0.38154 0.36859 2.4959 0.24938 -0.31719 -0.14354 -0.7894 0.047724 0.57296 -0.25112 -0.37583 0.48471 0.32682 0.37278 -0.78992 -0.12187 0.040376 0.065847 -0.57781 -0.83389 -0.09431 0.25092
foot 0.76557 0.27195 0.36131 -1.0477 0.18996 0.0062788 -0.2041 -0.23774 1.1324 -0.92889 -0.36016 -0.88819 -0.66092 -0.023376 -0.0055779 -0.092759 0.045611 0.10252 -0.98498 -0.23819 -0.98196 -0.063997 -0.88195 -0.18786 -0.0042393 -1.1537 0.23871 0.76478 0.13588 -0.31581 2.7606 0.030271 0.42665 1.1102 0.087101 0.87484 0.79519 0.71513 0.62304 -0.34393 0.1335 0.032195 0.16488 0.61192 0.31801 -0.25316 0.84456 -1.335 -0.26791 -0.60483
brain 1.236 0.063412 0.54417 0.13424 0.12046 1.7931 0.65165 -0.011122 0.87405 0.54081 1.189 0.1931 0.26508 0.62263 -0.14265 1.0268 -0.71484 -0.025693 -0.017131 0.72811 -0.57257 -0.027933 0.84742 -0.1485 0.99638 -1.0532 -0.60337 -0.041229 0.27335 -0.47829 2.6488 -0.067772 0.59438 -1.5526 -0.60759 0.84716 0.57738 0.54409 1.5652 -0.052741 -0.56669 0.048863 -0.94652 0.62236 0.84841 0.081286 0.95803 -0.34797 -0.093328 0.36927
organ 0.44831 0.019259 -0.89591 -0.53531 -0.11757 1.2379 0.66005 0.32827 0.74046 0.67066 0.53119 0.41054 0.54135 0.60862 -0.18088 -0.53125 -0.36997 0.32263 0.84724 -0.2941 0.48872 -0.76082 -0.46649 -0.10441 -0.1141 -0.44456 0.084201 -0.46677 -0.92068 -0.23803 2.5181 -0.93875 0.55329 -0.33254 -0.59904 0.78738 1.5634 0.25049 0.93662 0.36233 0.23194 -0.43665 -0.72263 0.23654 0.64408 0.83187 -0.34676 -0.46643 -1.0775 -0.055876
lens 0.94847 0.73238 0.48266 -0.48213 -0.34172 0.82501 0.92759 -1.0791 -0.50226 0.46911 1.1724 -0.68921 -0.76094 0.16965 -0.96414 0.43815 -0.71299 -0.50965 -1.0908 -0.76255 -0.72863 -0.0415 -0.49738 0.43767 -1.1033 -0.11307 -0.24961 0.95848 0.17824 0.053402 1.251 1.1448 -0.3724 -0.73363 -0.42856 0.044581 0.47666 1.3348 0.16308 -0.86861 2.5036 0.24364 0.59491 -0.19158 -0.36722 0.55308 1.2561 -0.21788 0.71521 -0.27379
tongue -0.48775 -0.2289 -0.9969 -0.79325 0.13424 1.3795 0.29521 -0.23793 -0.084133 -0.069302 0.31917 0.33009 1.2123 0.18925 -0.7099 0.14802 -0.47009 0.02045 -0.10466 0.11099 -0.74113 0.15282 1.1343 0.2287 1.206 -1.4962 -0.39053 1.1732 -0.10561 -1.0726 1.9315 -0.12482 0.39403 0.9612 -0.65719 -0.0026712 -0.37004 -0.13476 0.18192 -0.20909 0.38747 0.51907 -0.41052 0.57658 0.2291 -0.29951 0.88561 -0.024581 -0.03819 -0.66752
gland 1.9793 0.50013 -1.0922 0.15785 0.20025 0.48244 1.2084 0.13079 1.1927 1.2455 1.8735 -0.31087 0.78072 0.26321 0.53062 0.2659 -0.65518 0.042795 0.44412 0.79299 -1.0117 -1.7032 1.156 -0.5062 -1.1871 -0.017365 0.029178 1.8193 -0.048274 -0.87857 0.59944 0.40176 0.28829 -0.70059 -1.1784 0.43626 0.26151 1.5047 1.2475 0.42164 -0.15975 -0.5574 -0.82781 0.17899 0.09102 -1.2378 0.3576 -0.84832 -0.32732 -0.31129
stinger 0.50557 -0.68584 0.7556 0.056247 -1.0293 0.66828 0.70866 -0.45852 0.091858 0.2917 0.2272 0.45071 0.16446 -0.044759 -0.97135 0.39839 -0.82432 0.88468 -0.74941 0.39292 -0.84562 -0.11841 0.31601 -1.2069 -0.77359 -1.0817 0.30817 0.82391 0.99671 -1.0913 0.012505 0.093486 -0.18277 1.1575 0.34382 0.78647 0.40671 -0.043425 -0.92164 -0.39755 1.0998 0.099904 0.50432 0.17594 1.2165 -0.19465 0.17853 0.69781 -1.0223 0.080427
effector 0.73908 -0.43716 1.0594 0.86942 0.94665 0.014339 1.4972 -0.73164 0.20602 0.81909 0.10256 0.56429 -0.25592 0.2785 -0.57152 0.71817 -0.11735 -0.15444 1.1568 0.85934 -0.022806 -1.7345 0.28815 0.078429 -0.5377 0.52709 1.0886 -0.38242 0.34284 -0.65617 0.28846 -0.10537 0.099978 -0.2288 -0.0503 0.53131 0.33651 -1.1148 -0.67086 0.77883 -0.31117 -0.23868 -1.7143 0.26889 0.54194 -0.28687 0.53147 -1.1459 -0.31956 0.021968
organelle 1.5383 0.33227 -0.074262 0.7936 0.78887 0.59324 0.97427 0.31043 1.0995 -0.26202 0.85936 -0.060207 0.78746 1.3379 -0.40919 0.44642 -0.12295 0.22499 0.93737 0.53099 -0.20795 -0.68181 -0.2162 0.75539 0.12428 0.4349 -0.09791 0.19503 0.50464 0.70527 -0.47545 -0.90599 0.15999 -0.51321 -0.072143 0.67074 0.20825 0.2009 -0.25809 0.95925 0.77667 0.0089269 -0.56298 0.56904 0.19073 -0.26473 0.49023 0.063065 -0.074388 -0.021164
syphon -0.03576 -1.6906 0.40856 0.29808 -0.64631 -0.12575 0.63592 -0.015894 0.88753 1.1897 0.0057624 0.86866 1.1071 0.17367 -0.38845 -0.54868 0.068532 -1.0395 -0.78376 -0.78901 0.065529 -1.063 1.0923 0.5274 0.19687 0.42866 0.51332 0.45515 0.80489 -0.99888 -0.52639 0.41484 -0.6482 -0.30038 -0.99395 0.10313 0.26982 -0.74553 0.39218 -0.24752 1.2296 0.50229 -0.61598 0.18458 -1.0499 0.59164 0.65282 -0.37077 1.6536 -0.18731
ovipositor 0.50052 0.33245 -0.083137 -1.3555 0.36007 1.6926 0.32929 -0.18997 0.94013 -0.39921 0.32274 0.20624 1.4491 0.73304 -1.2162 0.32801 -0.57163 0.48929 0.33975 0.33551 -0.22721 -0.33359 0.21857 -0.39645 0.47387 0.066173 0.69576 0.67457 -0.13444 -0.094322 -0.5828 -0.15478 0.40956 0.54521 0.010079 0.014544 0.11641 0.17734 -1.0349 -0.93459 0.59866 -1.1159 -0.33716 0.59837 0.69124 -1.3334 1.0174 0.22714 -0.98544 0.23926
