14 300
plant 1.3168 0.33647 0.23596 0.94903 -0.3139 0.49869 -0.58349 -0.1452 0.57425 -0.15348 0.72546 -0.61848 0.90902 -1.0721 0.35988 0.77143 0.12515 2.0356 -0.39094 -0.79246 0.29156 -1.5465 -0.35781 -0.44229 -0.11487 -1.1789 0.45206 0.63869 0.81848 -0.13149 2.5388 -1.2112 -0.41811 -0.42627 0.28182 -0.058503 -0.099531 0.84381 1.0907 0.35249 -0.19847 -1.1355 0.26628 -0.55266 1.5585 1.0816 -0.37911 -0.064558 -0.72599 0.1685
tree 0.62231 1.1986 -0.014116 0.20125 0.69419 0.12068 -0.90399 -1.4023 0.43357 -0.48537 -0.4645 0.15756 0.54261 -0.32467 -0.025646 0.45742 0.16561 0.18819 0.062099 -0.86418 -1.0425 -0.81157 0.3126 -0.20279 0.55734 -0.28634 -0.14874 1.0098 0.25041 -0.53195 2.3793 -0.76966 -0.63219 0.3203 0.15072 0.23326 -0.26254 -0.29461 0.7671 -0.11577 -0.68129 -0.65413 -0.58914 0.24684 1.5904 0.33025 0.41513 -1.7468 0.82453 -1.0886
grass -0.32068 0.21223 -0.80614 0.11487 -0.70395 -0.03833 -0.36836 -0.28076 0.32381 -0.66765 -0.50475 -0.84537 0.24215 -0.73539 0.36632 0.3077 1.3769 0.47356 -0.32445 -1.235 -1.0678 -0.626 0.42576 0.14127 0.1526 -0.3654 0.30903 1.0003 0.52812 -0.063993 2.2988 -0.35749 -0.48526 0.48411 -1.1528 0.3727 -0.3014 1.0767 0.23062 -0.79392 0.11187 -0.61674 -0.33174 0.91835 1.431 -0.16052 -0.048852 -1.5967 -0.31888 -0.35205
refinery 0.87191 -0.56087 0.41392 0.92449 -0.37409 -0.73987 -0.8962 0.66459 1.2037 0.82842 0.71793 -0.66809 0.091447 -0.93953 0.19708 0.73883 0.22858 1.0387 -0.48138 -0.28052 0.72348 -1.1353 -1.0193 -0.90637 -0.46309 -0.29558 0.4826 0.86679 1.4188 0.63172 1.3146 -0.6709 0.59557 0.87371 0.66924 -0.59163 -0.14444 -0.51848 1.6142 1.7988 -0.76693 -0.033959 -0.21314 -1.0757 0.04928 0.81054 -0.62253 1.3118 -0.57181 0.16184
brewery 0.48135 0.14171 -0.78188 0.51467 0.54134 -0.19647 -1.5459 -0.25662 0.47128 0.21127 0.81538 0.22461 -0.14292 -0.67291 -0.21141 0.72065 0.60788 1.2582 -0.87523 -0.23814 1.2369 -1.1627 -0.92765 0.33659 -0.91886 -0.13539 -0.4349 0.38615 0.33882 0.13098 0.22985 -0.076335 0.18655 1.4271 0.14615 -0.90346 -0.4732 0.57412 0.30775 1.0144 0.36982 -0.46744 -1.084 -0.23193 -0.090805 0.40191 -1.2066 -0.84885 -0.49109 -0.42753
aquatic 0.77352 0.15118 -1.2664 1.6689 0.59209 0.19352 -0.56702 -0.98421 1.3158 -0.20055 0.91644 0.5639 1.6215 0.098884 0.23147 0.2452 0.8921 1.1924 -1.2874 -0.16495 -0.69934 -0.28948 0.18494 -0.67693 0.59307 0.92914 1.2975 -0.019732 0.21173 0.57711 1.4809 -0.26975 0.5169 -0.88551 -0.39771 0.97428 -0.40163 0.51427 0.38996 0.0035895 -0.68345 -0.94199 0.29327 1.2651 0.8503 0.52134 -0.35298 -0.66655 0.16122 0.06223
vine 0.13917 0.58165 -0.7959 -0.64981 0.042352 0.11751 -0.71325 -1.0759 0.05043 0.32579 -0.51157 -0.12362 0.61301 -1.3038 0.482 0.16133 0.58665 0.64445 0.11353 -0.16544 -0.29761 -1.2997 0.40284 0.77993 0.1722 0.36053 0.51617 0.72422 0.52435 -0.32258 0.96356 -0.94705 -0.066312 0.35368 -0.025485 -0.027302 -1.1354 0.30866 0.57601 -0.11045 -0.35179 -0.44456 -0.71803 -0.46992 1.1515 -0.052472 0.99209 -1.5297 -0.1287 -0.2639
embryo 1.4811 -0.34044 0.019592 -0.29172 0.52008 2.518 -0.041284 -0.6178 1.5407 0.59447 0.74579 -0.63256 1.293 1.1316 0.33096 1.0007 0.28768 -0.024054 0.51359 1.248 -0.051422 -0.56921 0.30585 -0.26985 0.42195 -0.69118 0.26808 -0.073696 0.36979 -0.50833 0.85392 -0.9092 -1.4485 -0.44047 -1.0206 0.051051 0.042973 0.98452 0.57029 -0.63806 -0.43769 -1.1 -0.39247 0.59843 0.59311 -0.50241 0.88236 -0.22829 -0.62324 -0.40523
biennial 0.13001 0.81195 -1.7073 0.64543 -0.0084615 -1.0663 -0.05061 -0.83433 0.48501 0.15149 -0.31746 -0.78871 -0.01098 0.35539 1.0588 -0.69615 0.3442 0.42718 -0.91454 -0.27131 0.55903 -1.1986 -0.17194 0.15117 -0.62209 0.32521 -0.05894 0.013385 -1.4418 0.24406 0.53343 0.50791 -0.47918 -0.62627 -0.60047 -0.20563 -0.1245 1.3424 -0.81621 -0.49682 -0.32093 -0.69133 -0.11736 -0.29091 -0.051253 1.1946 0.53098 0.041684 -0.58832 0.035683
ornamental 0.41573 1.0613 -1.2758 0.20574 0.048263 0.36449 -0.087964 -1.2622 -0.64452 -0.1478 -0.60792 0.54614 1.5693 -0.70085 -0.014165 0.32178 0.7605 0.86637 0.33999 -1.3103 0.19964 -1.5857 -0.34901 -0.64464 0.50838 0.44758 0.24686 1.1413 0.31966 -0.14058 1.2902 -0.99895 1.005 -0.36592 0.15905 1.1576 -0.41109 1.1194 -0.94925 -0.08432 -0.11362 -0.39929 0.076507 0.51169 1.4115 -0.15417 0.065877 -0.79571 0.018795 -1.01
yew -0.75986 1.4632 -0.57943 0.87331 -0.29046 0.26393 -0.36982 -0.84802 -1.1366 -0.37874 -0.40237 1.2433 0.90971 -0.09395 -0.11082 1.303 -0.51112 0.2579 0.92586 1.3772 -0.43382 0.007039 0.088055 -0.8787 0.85363 -0.64282 0.82618 0.11549 -1.353 0.18481 0.44769 -0.57063 0.463 1.0369 0.30556 0.11739 0.26699 -0.32644 -0.0018556 -0.53909 -1.0695 -0.26435 -0.5998 0.9069 2.055 -0.77034 -0.61389 -0.45495 1.1304 -0.60391
seaweed 0.52094 -0.00090595 -1.0746 0.45802 0.32391 -0.10027 -0.092562 -0.31366 0.27885 0.31289 -0.01795 0.97856 1.7655 0.5635 0.46523 0.4025 0.41276 0.033282 0.54503 -0.25492 0.12972 -0.30699 1.2959 -0.65979 0.25472 0.81514 0.39548 1.0821 0.67767 -0.14608 0.53924 -0.74125 0.076105 0.8652 -0.12739 1.0334 -0.61824 0.38638 0.7333 -0.0036257 -0.36525 0.043801 0.46581 0.10767 1.389 0.01923 -0.030199 -0.46271 0.32159 -0.72311
wilding -0.65497 0.078247 -0.31311 -0.073311 0.11089 0.46449 0.12032 -1.0484 -0.68762 0.3021 -0.19062 0.62196 -0.57387 -0.19189 0.79461 0.3561 0.40478 -0.29247 0.2484 0.22103 -0.27853 -0.14453 -0.78597 0.14495 0.30435 0.72816 0.97336 -0.13525 -0.21539 -0.32071 -1.1884 -0.35594 0.67549 -0.32482 0.45265 0.1634 0.96005 -0.37911 -0.56287 -0.25849 -0.84474 0.11792 0.14512 -0.56654 0.75027 0.33787 0.21357 -0.99315 0.35971 0.10407
sporophyte 1.3219 -0.35351 0.8575 0.33527 -0.33228 1.1787 0.5315 -0.10025 0.674 0.64121 0.70463 -1.1248 0.45779 0.82168 0.22307 -0.53723 -0.12805 1.9425 0.482 -0.5067 -1.3996 -0.94431 -0.54414 0.75096 0.6959 1.2546 -0.22616 -0.31447 -0.0081151 0.91344 -0.37425 -0.30925 -0.65541 0.21582 -0.24609 0.012143 -0.29328 -0.1654 -0.15341 -0.65495 -0.18753 -1.209 -0.87454 -0.44047 0.045598 0.78802 0.78398 -0.73837 -1.5128 0.13097
