17 300
football -1.8209 0.70094 -1.1403 0.34363 -0.42266 -0.92479 -1.3942 0.28512 -0.78416 -0.52579 0.89627 0.35899 -0.80087 -0.34636 1.0854 -0.087046 0.63411 1.1429 -1.6264 0.41326 -1.1283 -0.16645 0.17424 0.99585 -0.81838 -1.7724 0.078281 0.13382 -0.59779 -0.45068 2.5474 1.0693 -0.27017 -0.75646 0.24757 1.0261 0.11329 0.17668 -0.23257 -1.1561 -0.10665 -0.25377 -0.65102 0.32393 -0.58262 0.88137 -0.13465 0.96903 -0.076259 -0.59909
baseball -1.9327 1.0421 -0.78515 0.91033 0.22711 -0.62158 -1.6493 0.07686 -0.5868 0.058831 0.35628 0.68916 -0.50598 0.70473 1.2664 -0.40031 -0.020687 0.80863 -0.90566 -0.074054 -0.87675 -0.6291 -0.12685 0.11524 -0.55685 -1.6826 -0.26291 0.22632 0.713 -1.0828 2.1231 0.49869 0.066711 -0.48226 -0.17897 0.47699 0.16384 0.16537 -0.11506 -0.15962 -0.94926 -0.42833 -0.59457 1.3566 -0.27506 0.19918 -0.36008 0.55667 -0.70315 0.17157
soccer -1.0661 0.72522 -1.0689 0.96838 -0.38738 -0.97275 -1.0004 0.16583 -0.48563 0.050147 0.89009 -0.20057 -0.73149 0.30664 1.486 -0.49356 0.50783 0.96064 -1.3047 -0.10472 -1.0071 0.20752 -0.38318 1.1873 -0.87305 -1.4268 0.058645 0.01228 -0.7275 -0.12289 2.1284 1.4537 -0.3187 -0.2742 -0.28075 0.79159 -0.19887 0.15982 -0.28333 -1.1332 -0.022388 -0.097448 0.2837 0.24491 0.57839 0.78491 -0.21026 0.65929 0.13847 -0.87412
sport -0.85959 0.61038 -0.81626 0.63196 -0.65046 -0.059288 -0.60121 -0.76855 0.10574 -0.073164 1.0889 -0.10316 -0.9571 -0.12476 0.83942 -0.1734 0.24719 2.072 -0.53134 -1.3647 -0.80506 0.30736 -0.65437 1.075 0.05007 -1.2526 -0.88551 0.45704 0.0088123 0.33761 2.3207 1.2026 -0.52619 -0.21536 -0.14762 0.17182 -0.1526 0.42655 -0.66796 -0.47819 0.099182 -0.63394 0.357 0.38775 -0.079839 -0.085529 -0.42402 0.32755 0.72617 -0.24605
golf -0.50695 1.2516 -0.97775 1.1732 -0.92008 -0.78049 -1.2378 -0.23536 0.089029 -0.34662 -0.75436 -0.41704 -0.91023 -0.23313 0.59862 0.72932 0.77085 1.2865 -0.67962 -0.45301 -0.34519 1.0711 -0.61766 0.59421 0.1466 -0.81916 -0.86074 0.14766 -0.46542 -0.66616 2.0837 0.41402 -0.053764 1.2341 0.95517 0.19039 -0.13464 1.0547 -0.12067 -0.85757 -0.25925 -0.71608 0.42513 1.3469 0.50054 0.017252 0.20064 -0.28727 -0.11569 0.12408
tennis -1.4273 1.3488 -1.012 1.7242 -0.86748 -1.103 0.37083 0.80612 -0.50163 -0.062832 0.30981 -0.69908 -1.197 -0.044018 1.4869 0.50192 0.030093 0.95681 -0.58884 -0.25068 -0.37019 0.63007 -0.71488 1.0407 -0.26764 -1.26 -0.44102 -0.48023 -0.5939 -0.20946 2.0527 0.69733 0.33643 0.53583 0.030302 0.64907 0.36372 1.4427 0.041119 -1.4665 0.41992 -0.38127 0.96818 0.85974 1.0575 0.33251 0.27124 -1.1438 -0.38746 -0.060124
hockey -1.9178 1.2468 -1.0141 0.74138 -0.50693 -0.074934 -1.1668 0.53555 -0.52722 -0.76031 1.3222 0.18061 -0.6563 1.0059 0.53147 0.25406 0.8661 1.2151 -1.8582 0.2757 -0.76282 -0.38983 0.0962 0.92528 -0.7233 -1.369 -0.46969 0.021974 -0.18952 -0.74589 1.5503 1.7448 0.091664 -0.25941 -0.084404 0.58326 0.10975 0.40191 0.17124 -0.068963 -0.35664 -0.32106 0.24118 0.26753 -0.47503 0.67868 -0.27539 0.70799 -0.36436 -0.201
fishing -0.13232 0.18006 -1.0594 0.59608 -0.6908 0.16874 -1.6022 0.16851 1.0291 -0.7285 0.047098 0.74194 1.4211 0.80425 0.117 -0.23278 1.2853 0.64335 -1.0072 -0.51566 0.44103 -0.028989 -0.11662 0.07189 0.91593 -0.9096 0.579 0.24245 1.095 0.080873 2.5682 -0.16619 -0.12433 0.91001 0.16994 0.60559 -0.72045 -0.20925 -0.30516 0.76212 -0.99834 -0.023212 1.3668 0.59502 0.16208 -0.93854 -0.69975 -0.022707 0.81126 -0.6539
swimming -0.92425 1.525 -0.98415 0.87803 -0.78526 -0.37737 -0.42347 0.20527 0.93878 -0.75074 0.50212 -0.32511 0.04302 0.69984 1.0232 0.18735 0.85498 1.1135 -1.3418 -0.99826 -0.053033 0.68679 0.036397 0.40831 0.5135 -0.48646 0.42186 0.26405 -0.4534 0.052917 1.9609 0.56054 -0.067303 -0.17994 -0.42015 0.72082 0.49424 0.92429 -0.072414 -0.42151 -0.4389 -0.89798 0.95433 1.1724 0.63106 -0.60963 0.13056 -1.3468 0.21276 -0.64331
wrestling -1.9368 0.54139 -0.77609 1.5939 -0.62736 -0.30755 0.089464 0.19378 -0.013331 -0.47041 0.88365 -0.2106 -0.99765 0.27236 0.78221 -0.20871 0.048345 1.4693 -1.1822 -0.16022 -0.25391 -0.081489 0.4909 0.83521 -0.70945 -0.74883 -0.68587 -0.50533 -0.18913 0.11134 1.4092 0.43263 -0.11702 -0.55535 -0.96671 0.57529 -0.53069 -0.26156 -0.74219 -0.4537 -0.12843 -0.53288 -0.83471 0.51563 0.059545 -0.80751 0.17835 -0.90375 -0.9853 0.063817
bowling -1.7811 -0.74517 -1.0365 0.25673 0.14334 -0.3058 -0.055493 -0.76593 1.0507 0.10102 -0.50661 0.15787 -1.4457 -0.20926 -0.46855 0.11367 1.0382 0.2161 -1.2528 -0.43782 -0.30041 1.0458 0.41056 0.4658 0.22237 -0.27174 0.73577 -0.38467 0.15417 0.25945 2.0111 0.43225 0.43115 0.44565 1.3089 0.85247 0.69467 0.84262 -0.69134 0.19037 -0.38578 0.55069 -0.60436 0.96549 0.71565 0.80752 0.18003 -0.52703 0.9379 0.24234
sailing 0.1334 0.77493 -1.0479 0.1937 -0.7876 -0.6711 -1.0892 0.48582 0.61308 -0.82144 0.53711 0.63814 0.074712 0.50527 -0.25179 -0.74686 0.35622 1.2666 -1.8952 -0.89606 0.36608 0.48499 -0.12979 0.42173 1.1757 -0.84971 0.41112 -0.027462 0.3396 0.22963 1.3879 0.64136 -0.56256 0.49052 0.27735 -0.13607 -0.19511 0.68693 -1.1441 0.29694 0.085313 -0.97924 1.274 0.3145 -0.55469 -0.34961 0.05349 -0.65913 0.34874 -0.67498
badminton -1.7092 0.36399 -1.0464 2.1755 -0.3554 -1.043 0.64953 0.46436 0.33071 -0.75288 1.0315 -0.41413 -0.67024 0.45426 1.1102 0.61972 0.093198 0.65911 -0.70247 -0.32327 -0.086315 -0.010542 -0.073478 0.70835 -0.13883 -0.46317 -0.27915 -0.83961 -1.9688 -0.047392 1.1082 0.67673 0.31794 0.4553 0.098444 0.54616 0.5481 0.71717 -0.41543 -0.90274 -0.35898 -0.5958 0.3551 0.70041 1.2406 0.4635 0.51151 -0.54871 -0.065914 -0.87089
squash -1.2464 -0.14007 -1.5114 1.3516 0.041064 -0.68328 0.65638 -0.019202 -0.32277 -0.44702 0.22366 -0.056382 0.098672 0.24812 1.1892 0.80273 0.87765 1.2862 -0.30351 -0.24979 0.17741 -0.77686 1.2898 0.95014 -0.77536 -0.091445 0.27203 -0.02949 -0.68318 -0.14439 1.3033 0.20224 -0.33288 1.0204 0.070099 1.1786 -0.78963 1.5238 0.21275 -1.2566 -0.20855 -0.28282 -0.14176 0.5977 1.9031 0.6184 0.99612 -0.28168 -0.36128 -0.62953
surfing -0.50702 0.28686 -0.27345 0.96769 -1.3798 -0.84889 -1.2079 -0.38544 1.2395 0.45287 0.15675 0.055145 0.61464 0.54323 0.37459 -0.085738 -0.04732 0.75732 -0.86446 -0.35129 -0.15621 0.95907 0.0037084 1.2828 1.5216 -0.43616 -0.44684 -0.43366 0.11705 -0.27343 1.1939 0.65254 -0.095849 -0.14668 -0.60716 0.27356 -0.66022 0.05125 -0.32501 -0.1959 0.06658 0.18569 0.022755 1.6654 0.015747 -0.70991 0.8577 -1.0199 0.50509 -0.13034
equestrian -0.4289 1.5156 -1.1538 0.85048 0.11676 -0.43386 -0.121 -0.63437 0.64969 -1.0289 0.55937 -0.58674 -0.040313 0.10312 0.60532 -0.30743 0.62374 1.0648 -1.338 -0.60829 0.0061435 -0.47187 -1.3759 0.17452 -0.005684 -0.22525 -0.36304 -0.6847 -0.8263 0.28143 0.24154 0.74763 -0.26438 -0.40482 -0.083877 0.40286 0.61815 0.98021 -1.2536 0.53345 -0.46419 -0.69649 0.66249 0.60766 0.67762 -1.0554 -0.18344 -1.0055 0.44683 -0.29422
biathlon -0.44349 1.8785 -0.38987 1.3929 0.3354 0.2161 0.48473 0.05871 0.79766 -1.0225 0.7338 -2.0754 -1.3368 -0.61499 1.2014 -0.10276 0.76553 0.61199 -1.5196 -0.14483 -0.010605 -0.015124 -0.2121 0.66968 0.13868 0.30631 -0.14913 -0.58628 -0.31306 0.37458 0.037583 1.6923 -0.96306 0.87561 -0.5328 -0.39191 -0.062984 1.3342 -0.8581 0.59356 0.64933 -0.99884 0.43195 -0.24872 0.68728 -0.57833 0.91059 0.52164 -0.27344 -0.87827
