14 300
round -0.51244 0.37181 -0.26364 0.99462 -0.37948 0.027235 -0.17732 1.0833 -0.31456 -0.46593 -0.61127 -1.1127 -1.1977 0.61233 0.53078 -0.41192 0.41183 -1.0644 -1.2442 -0.64279 -0.40882 -0.34751 0.364 -0.10313 -0.23033 -0.87574 0.48898 -0.071108 -0.18226 -0.43197 3.1387 0.62531 -0.45273 0.71353 0.37931 -0.011962 0.6446 1.2584 -0.48879 -1.1429 -0.17432 -0.39026 0.20802 -0.39155 0.26571 0.70799 0.5553 -0.31012 -0.063959 -0.18801
star -0.21025 1.6081 0.037375 1.0411 0.61061 0.064748 -0.93674 -0.030028 -0.18348 0.73875 0.65025 0.75496 -0.73316 0.95964 0.89172 -0.10495 0.11496 0.30448 -1.4942 -0.036297 -0.95949 0.41062 -0.23896 0.40387 -0.32893 -1.5343 -0.45627 0.109 -0.41474 -0.57094 2.1997 0.47089 0.56732 -0.16914 0.43481 0.40459 -0.007678 -0.22073 -0.33289 -1.0992 0.33632 1.3412 -0.34081 -0.50183 -0.2514 -0.10199 0.19292 -0.48934 -0.41793 0.18085
figure -0.27028 0.72918 0.44597 -0.34789 1.5536 0.49393 -0.14474 -0.72789 -0.64574 0.14483 0.10346 -0.69006 -0.11631 0.22045 1.1638 -0.13631 0.16448 0.097055 -0.5529 -0.32425 -0.43511 -0.2747 -0.16841 -0.20762 0.14083 -1.4256 -1.392 0.18313 -0.48133 0.66513 2.6049 0.0047017 0.34833 -0.13004 0.053276 -0.1633 -0.22045 0.41487 -0.38409 -0.83742 -0.65039 0.3618 0.0048688 0.017246 -0.20919 -0.83044 -0.055169 0.17515 0.22614 -0.32425
plane 2.1142 -0.10664 0.9724 0.12151 0.57094 -0.1357 -0.67595 0.11692 0.47239 -1.101 0.81084 -0.090698 -0.46271 1.3341 0.0239 -0.1267 -1.2707 0.56832 -1.6673 -0.95373 -0.33804 0.93578 -0.46047 -0.1079 0.74533 -1.9891 -0.10004 1.0233 0.85239 0.16472 2.0548 0.0040526 -0.84094 0.20915 0.64106 -0.39855 0.37578 -0.38962 -0.26623 1.0977 0.092818 0.63682 1.2017 -0.29674 -0.77097 0.092794 0.19358 0.063586 0.15693 -0.48504
solid -0.42652 0.41595 0.34855 0.33248 0.84285 0.48664 -0.1745 -0.044189 -0.056578 0.79244 0.25977 -0.24926 -0.47272 0.95285 -0.73914 0.12058 0.7215 -0.081963 -0.17461 -1.043 -0.34449 -0.23219 0.3196 -1.0695 -0.15885 -0.34618 -0.10921 0.79003 0.77934 0.28834 3.1426 -0.224 0.42648 -0.35487 0.20205 0.16872 0.014364 1.2904 0.20501 -0.7918 -0.0071249 -0.65813 -0.4126 0.1716 0.014141 0.016748 -0.082506 0.54832 0.14738 0.15401
column -0.40368 1.5914 0.74485 -0.15926 -0.3692 -0.5428 -0.99774 -0.48843 0.036983 -1.2543 -1.3154 -0.01364 -0.47124 0.2243 0.43312 -0.53509 -0.85002 -0.76679 -0.1011 -0.30059 -0.29798 -0.34092 0.66438 0.89112 0.058288 -0.97547 -0.86388 0.51396 0.785 0.30791 1.9568 -0.71579 -0.028915 -0.19135 -0.98233 0.30531 -0.36714 -0.1636 0.33709 0.27491 1.6254 0.45321 -0.29663 0.65734 0.15552 0.5042 0.87413 0.15696 -0.59365 0.61915
circular 0.98274 0.62918 -0.067143 0.27669 0.21611 0.15131 0.87206 -0.71195 0.22029 -0.97396 -0.40337 -0.28856 0.29251 1.035 -0.85468 0.20068 -0.26062 -0.24753 -0.10556 -1.0728 0.29177 -1.0095 -0.2918 -0.28843 0.40449 -0.094278 -0.044784 1.2718 -0.47938 -0.72661 2.4137 -1.0512 -0.010328 -0.061159 -0.73561 -0.025344 0.97658 0.03006 -0.34232 0.5814 0.11486 -0.35974 -0.31133 0.78181 -0.27164 -0.53328 0.77773 -0.33668 0.43804 -0.58127
cylinder 0.53501 0.51619 1.2869 -0.44228 -0.6153 1.5837 0.77163 -0.74072 -0.59075 0.44771 0.35128 0.16073 -0.43567 1.5196 -0.32378 0.0080341 -0.37728 1.537 -0.44858 -2.0515 0.050697 -1.3163 -0.074289 -0.13453 0.1929 -0.46173 0.51555 1.3476 -0.38719 0.38547 1.7052 -0.84175 0.16006 1.0468 1.2382 0.33616 0.95423 0.14869 0.48572 0.44431 0.54502 -0.20186 -0.43291 0.1342 -0.58757 0.40151 0.93869 0.16292 -0.1962 -0.99166
flare 0.23848 -0.070107 0.31448 -0.19948 -1.0059 0.55071 0.466 0.037328 -0.32069 -0.19208 0.065066 -0.59675 -0.46582 0.51162 0.071566 0.90991 -0.57073 -0.23287 -0.97261 -0.41419 -0.30697 -0.1017 0.27362 0.090862 0.16766 -0.64264 0.21516 1.061 1.4915 0.77801 1.0219 0.65107 -0.093073 -0.28708 -0.40247 0.71538 -0.64821 -1.2253 -0.35645 0.31903 -0.13277 0.68235 -0.7797 -0.052493 1.1932 0.089206 1.3493 0.42872 -0.55782 -0.89345
narrowing 0.33544 0.60331 0.66542 -0.55135 0.001965 1.4962 0.27941 -0.23307 0.61428 -0.29956 -0.41789 -0.80594 -0.44486 -0.19575 -0.87953 0.62454 -0.21941 -1.5916 0.82293 0.14778 0.13015 -0.82862 0.40077 -0.53775 0.39849 -0.014557 0.057222 0.69562 0.44579 0.38167 1.2033 1.2084 0.82681 -0.46561 -0.37766 -0.82123 -0.73792 0.79338 -0.17523 -0.2325 -0.6298 -0.59009 -0.16322 0.064713 -0.39283 -0.60749 0.97731 0.87941 0.62581 -0.24784
plume 0.61608 1.053 0.56841 -0.8462 -0.069809 -0.06946 -0.39881 -0.66633 0.86603 0.4296 0.76922 0.31021 0.28262 0.11557 0.1793 -0.35792 0.29613 -0.3493 -1.864 -0.67165 -0.86607 -0.14193 0.65841 -0.85129 -0.50866 0.11558 -0.20903 1.7743 0.9165 0.75746 0.21662 -0.93326 0.083479 -0.17382 -1.1965 -0.07837 -0.65757 -1.4008 1.5736 0.25671 1.3652 0.39689 0.13137 -0.42233 -0.13808 -0.43072 0.42269 -0.45087 -0.21003 -0.72624
octagon 0.70497 0.083547 -0.42346 0.23482 0.35833 -0.1284 0.23925 -0.54884 -0.0061386 -0.53511 -0.62671 -0.2579 -0.55065 0.26011 -0.38677 0.34605 0.36514 1.0111 -0.068926 0.011194 0.26087 -0.20893 -0.49108 0.12624 -0.95518 0.67479 -0.24846 0.59774 -0.67516 0.25054 -0.085061 -0.75662 0.39414 -0.29605 -0.30713 0.67396 0.69548 0.26249 0.3846 -0.37894 0.55483 -0.49328 -1.362 0.68397 0.20993 0.34359 -0.11957 -0.01623 -0.20439 0.52008
stratification -0.31269 0.63319 -0.50472 -0.63651 -0.87256 1.1989 1.1173 -0.46526 -0.032208 -0.46052 0.54801 -0.33735 0.51661 -0.16795 -0.71034 0.13232 -0.059166 -0.056877 0.74546 -0.50045 -0.5646 -0.68652 -0.25643 0.27417 0.32724 0.65466 -0.69122 -0.25957 0.47066 1.5926 0.53264 -0.079543 -0.013264 -1.1315 -0.86836 -0.022678 -0.6955 0.28006 0.64427 0.35288 -0.077745 -0.91948 0.19326 1.2386 -0.16868 -0.057906 0.83124 -0.19556 0.1722 -0.20443
concavity 0.1189 -0.11566 -0.81405 -0.1479 -0.2428 0.3132 0.9366 0.46567 -0.11861 0.69005 0.14101 -0.21383 0.17889 -0.13312 -1.005 0.060634 0.43944 -0.66715 0.20754 -0.27315 -0.66209 -0.3708 -0.52872 -0.7278 -0.056511 0.98138 -0.10309 1.1789 0.10269 0.32164 -0.34169 -0.27446 0.36764 -0.20706 -0.37909 -0.057011 -0.12229 -0.36876 0.34779 -0.053286 0.21047 -0.26051 -0.84529 0.28228 -0.71971 -0.2584 0.68023 0.63485 0.12433 -0.70485
