19 300
level -0.385 1.0336 0.18552 -0.45638 0.28177 -0.81713 0.71709 -0.15206 0.11827 -0.095164 0.41868 -0.51292 -0.23463 -0.1674 0.064439 0.24206 0.29985 0.25919 -0.64696 -0.46723 0.071163 -0.19472 0.33513 -0.1589 -0.3721 -1.0626 0.4403 0.28488 -0.43204 0.86569 3.9309 0.58216 0.42233 -1.1462 0.53437 0.11361 0.13846 0.30984 0.10915 -0.60892 -0.47173 -0.56053 0.44492 0.35458 -0.40164 -0.35056 0.89285 0.66288 0.23385 -0.15513
saw -0.044907 -0.16708 0.12915 -0.46251 0.33331 -0.035958 -1.0326 0.24267 -0.43836 -0.18387 0.052967 -0.30143 -1.0807 -0.26395 0.50318 -0.072131 -0.12275 -0.2764 -1.0728 -0.36251 0.15066 0.29406 0.036011 -0.37669 0.23315 -1.3393 -0.59214 0.12873 0.31664 0.13666 2.774 0.35739 0.34827 -0.30413 -0.071559 0.0085105 0.05771 0.038432 0.0020367 -0.3365 -0.37277 0.053761 -0.3495 -0.37849 0.20494 -0.15411 -0.17209 -0.59163 0.27798 -0.47038
gang 0.080537 -0.56858 -0.16259 0.16829 0.48869 0.15054 -0.027532 -0.18486 -0.3707 -0.00016402 -0.29521 -0.081046 -1.009 0.18383 0.45294 -1.0908 0.05362 0.47326 -0.14565 0.21692 0.28126 -0.22434 0.40112 1.0031 -1.1806 -1.5091 -0.19674 -0.40676 -0.051483 -1.0596 1.7607 -0.28951 -0.13822 -0.45638 -0.05536 0.44695 -0.73308 -1.651 0.0049629 0.20856 -1.2418 0.087825 -0.25366 -0.17892 1.5713 -1.5792 -0.11402 -1.0227 0.43532 -0.37461
tool -0.16608 -0.64058 0.47542 0.14818 0.18842 0.070082 0.041716 -1.0377 0.91964 0.48614 0.029612 0.11487 -0.12355 0.43545 -0.90585 -0.018264 0.39082 0.30161 0.75633 -0.47487 0.53238 -0.33275 -0.63227 -0.023903 0.2691 -1.0538 -0.74177 -0.70855 0.59683 -0.05123 2.5942 -0.57206 -0.63404 -0.77503 -0.28609 0.89683 -0.17145 0.73465 -0.049539 -0.36223 0.79491 -0.2883 -0.36528 0.76909 0.95572 -0.30439 0.90621 0.60239 0.45197 0.3449
tap 0.26796 -0.06055 0.22094 -0.11115 -0.46576 -0.20855 -0.36782 0.37708 0.51797 1.0114 0.26829 0.60102 0.60142 0.83447 -0.47229 0.18502 0.60487 0.17259 0.29029 -0.8742 0.74821 0.0097953 0.095533 0.16726 0.33201 -0.87608 0.11075 0.099238 0.026609 -0.62442 2.3017 0.78659 0.057144 0.57497 -0.37598 0.23156 -0.8503 0.46213 0.61311 -0.25582 0.48251 0.39873 0.019225 0.10177 0.10757 -0.271 0.3534 -0.21395 -0.043347 -0.23035
knife -0.25591 -0.94336 -0.040669 -0.8684 1.1436 1.7422 0.68093 0.30992 -0.15223 -0.83683 -0.35643 -0.70409 -0.18825 0.80601 -0.37185 -0.46353 -0.56382 0.13472 -0.45369 -0.64482 0.74252 -0.23283 0.17645 -0.039771 -0.43791 -1.6635 -0.41772 0.54787 0.88407 -1.1909 1.4198 -0.43935 -0.25784 0.84251 -0.00041032 1.1748 -0.063107 0.29624 1.0875 -0.12242 0.388 0.34116 -0.36857 -0.17585 1.6093 -1.0155 1.281 -0.483 0.18247 -0.37573
punch -0.64461 -1.297 0.056657 0.63078 0.13032 0.24061 0.19378 0.53486 0.40814 0.39295 -0.54842 0.016211 0.15992 0.13031 0.041443 -0.52875 -0.1901 -0.13846 -0.84789 -1.0048 -0.30483 -0.39229 0.84253 -0.029389 0.46134 -1.2218 -0.78757 0.39188 1.0296 -0.66426 1.7532 0.064419 -0.19322 0.55215 -0.23145 0.79819 -0.00075009 0.34136 0.21359 -0.20309 0.54929 1.202 -1.33 0.41971 -0.14179 0.43239 0.17586 -0.48384 0.51649 0.13043
ram -0.29852 -0.56012 2.2642 0.62354 0.40226 -0.24906 0.80876 -0.6553 -0.36217 0.05937 -0.14578 0.68592 0.048012 -0.48711 -0.35434 0.38812 0.12017 1.1615 0.63181 -0.078897 0.26373 -0.77694 -0.32577 -0.21109 1.4503 -0.61305 -0.43222 -1.2402 -0.53472 -0.56599 1.4802 -0.39083 -0.65266 0.9996 1.2893 1.1313 1.0703 -0.30945 0.24441 0.43655 -0.26559 0.87509 -1.1605 -1.1198 0.28254 0.17479 0.39272 -0.83513 0.98738 -0.32672
drill -0.0055476 -0.39273 0.15205 0.4551 -0.36954 -0.40238 0.36912 0.747 0.55792 -0.83863 -0.37462 -0.20634 0.40669 1.1276 -0.79788 -0.24294 0.27706 1.0719 -1.1724 -0.61039 0.54103 0.18078 0.202 -1.0802 0.58973 -0.91807 -0.0088915 0.059115 0.47291 -0.655 1.9677 -0.56201 -0.96587 0.35787 0.13509 0.80648 0.33995 -0.36178 0.32938 0.1069 -0.42603 -0.75837 0.019512 0.41161 0.94834 -0.72586 1.4135 0.69039 -0.87651 0.18577
lighter -0.22072 -0.17404 0.10784 -0.89794 0.29898 0.55731 0.91275 -0.37846 -0.083566 0.58192 0.46826 -0.050018 0.62992 0.33366 -0.228 0.33109 -0.65282 0.58994 -0.35207 -2.2575 -0.090659 -0.2296 0.63632 -0.31286 -0.27738 -0.66102 -0.20831 1.3291 1.2165 0.29149 1.8333 0.12207 0.47986 -0.016542 1.2972 0.034843 0.33176 0.79268 -0.86866 -0.33571 0.16271 0.52155 0.7089 -0.13377 0.098936 -0.071905 0.39299 -0.50132 -0.28995 0.26297
fork -0.16434 0.5071 -0.23591 -0.56028 -0.40312 0.44922 -0.6084 0.60822 0.64421 -0.74157 -0.63096 0.50342 1.2751 -0.17374 -1.5549 0.35464 1.1131 0.511 -0.25935 -0.46703 0.25088 -1.1062 0.58795 0.67159 0.39503 -0.83009 0.36679 1.0449 0.26416 -1.1773 1.5664 -0.73686 -0.52754 1.6313 0.32538 -0.51316 -0.94976 -0.50312 1.4773 0.11649 0.40754 -0.44637 -0.65406 0.072749 -0.34534 0.12413 1.1817 -0.020611 -0.31152 -0.75356
axe -0.17807 -0.53353 0.21007 -0.81479 0.11909 1.019 0.76246 0.019925 -0.013334 -0.80834 -0.20211 -0.021306 -0.32532 -0.22552 0.37587 0.20651 0.52002 1.0069 -0.65241 -0.49903 0.80814 -0.93695 -0.44602 -0.19111 -0.25981 -0.91674 -0.42103 0.21116 -0.093473 -0.41309 0.48925 -0.20557 0.46261 1.2374 -0.26927 0.87554 0.33884 -0.6644 0.79111 -0.23959 0.12987 0.20173 -0.48633 0.1278 0.83387 -0.40559 0.70106 -0.042734 -0.59889 -0.86849
hack -0.41899 -0.79273 1.0636 -0.034022 -0.58103 0.47978 -0.36434 -0.30919 -0.49098 -0.090074 -0.40074 0.21284 -0.80233 0.30997 0.26337 -0.49565 0.37259 -0.14158 0.40855 0.30078 -0.32607 -0.53142 -0.18977 0.85408 0.84615 -0.7442 -0.30201 -0.81556 0.60768 -1.0275 0.41612 -0.24366 -0.16538 0.20068 -0.83987 0.59441 -0.38532 -0.039799 0.28837 -0.070144 0.67362 0.12541 0.048435 0.18634 0.45769 -0.44048 0.96936 -0.39093 0.24935 0.19463
comb 0.69554 -0.68303 0.10144 -0.16374 -0.24896 -0.17934 -0.044066 0.1205 0.52328 -0.73225 0.12993 0.10803 0.57646 0.2618 -0.72522 0.46675 -0.030988 0.040297 0.032169 -0.83866 -0.2353 -0.26139 0.77744 -0.12407 -0.28166 -0.031325 -1.2472 0.78654 0.16759 -1.2228 0.53713 -0.084068 -0.32911 0.13625 -0.14491 0.92009 -0.40209 -0.20992 1.1181 -0.087936 0.37907 0.22049 -0.22733 0.38633 0.50052 -0.61539 1.0854 -0.064633 0.04737 -0.94006
rake 0.3646 -0.26946 0.42779 -0.52881 -0.58851 -0.17079 0.43871 0.056535 -0.11243 0.08123 -1.014 0.58973 0.091943 -0.41817 -0.16072 0.012464 0.83625 0.82887 0.3319 -0.75955 0.48261 -0.58037 0.35079 -0.5792 0.40881 0.34404 -0.016696 0.44681 0.35939 -0.3484 0.62484 0.38367 0.0071392 1.069 -0.040708 0.60843 -0.1956 0.19664 0.51914 -0.50774 -0.19978 -0.16077 -0.26728 -0.11425 -0.2153 -0.39962 0.3106 -0.17961 0.20801 -0.16931
plow 0.21342 -0.41957 0.72268 -0.79903 -0.66227 -0.11145 -0.46543 0.28011 0.14658 -0.27297 -0.27388 0.46553 -0.24822 -0.24719 -0.40629 0.11625 1.0018 0.56758 0.29033 -1.2032 0.41 -0.86056 -0.030992 -0.44064 0.72143 -0.066971 -0.18345 0.22213 0.98762 -0.66123 0.28821 0.38196 -0.59817 1.2544 -0.10119 0.043792 -0.83772 0.63491 0.63688 0.27562 -0.19437 -0.32482 -0.16716 -0.088614 0.045302 -0.75648 0.6392 -0.48692 -0.24236 -0.4619
stylus -1.2088 -0.83924 1.0836 0.17454 -0.48754 0.055462 0.70453 -0.83512 0.39035 -0.0035107 0.17594 0.276 0.5533 0.11182 -0.38134 -0.14216 -0.58703 0.25203 -0.17291 -1.4037 0.28282 -0.31819 0.4897 0.060817 0.62385 -0.37188 -1.0958 0.60561 -0.61287 -0.89468 0.035313 -0.87987 0.12242 0.39544 -0.9289 0.11614 0.13428 0.10591 -0.44153 -1.4192 2.2599 0.68715 -0.552 0.32161 -0.33616 -0.49225 1.205 -0.11255 -0.19865 -0.2991
hoe -0.23935 0.0073813 -0.211 -0.16716 -0.527 -0.44179 0.50777 -0.20768 -0.82777 -0.33159 -0.91576 0.95609 -0.38297 -0.20567 -0.71586 0.32935 0.57148 0.55612 0.79013 -0.14133 0.238 -0.65846 -0.18255 -0.0605 0.12729 -0.28529 0.73348 0.62078 0.2273 -0.75656 -0.09832 -0.55423 -0.19572 1.3924 0.20786 0.16647 0.11742 0.28929 0.32601 -0.1502 -0.0094466 -0.50277 -0.27553 0.30628 1.1182 -0.76588 0.49151 -0.99323 0.56489 -0.12921
stethoscope -0.36902 -0.52331 0.0015062 -1.2252 -0.039093 0.28768 0.74296 0.52838 0.29069 0.4331 0.79962 -0.26688 0.78266 0.60372 -0.70171 0.27835 -1.4163 0.19823 0.55152 -0.068571 -0.19287 0.73155 -0.17462 -0.28623 0.79854 -0.57711 -0.69524 0.34151 0.46426 -0.88989 -0.38611 -0.039467 -0.30922 0.4234 0.0029405 0.71012 0.45051 0.76421 0.99599 0.36923 0.90291 0.24953 -0.3513 0.69298 0.39069 -0.30244 1.4497 -0.097241 -0.94492 -0.32119
