22 300
corn -0.74409 -0.85493 -0.10108 0.19383 0.55826 0.016245 -1.1138 -0.9053 0.31183 0.41473 0.11196 -0.1588 1.7873 -1.1036 0.65212 1.0174 -0.17281 -0.10081 -0.053074 -0.79783 0.25709 -1.7995 1.3188 -0.6201 -0.13692 -0.21192 0.43919 0.53439 1.3655 0.3648 2.1569 -0.76072 -0.32062 1.6712 0.54142 -0.51116 -1.1182 0.9957 1.0339 -0.12228 -0.48119 0.12823 -0.53892 -0.18899 1.5961 0.99395 0.24664 -0.092063 -0.49343 -0.071505
greens -0.6855 -0.39761 -0.7004 -0.43268 -0.6004 0.9117 -0.62874 -0.14268 -1.7024 -0.96549 -0.74566 -0.79569 0.33722 0.42265 -0.82751 0.097917 1.6017 -0.05769 0.21923 -1.3439 -1.0212 0.005807 1.1853 -0.020948 0.29287 0.30632 0.028627 0.87332 -0.16896 0.45111 2.116 0.48548 -0.82229 1.3899 0.15134 -0.41905 -0.40919 1.4232 0.68799 -0.58009 -0.42813 -0.30087 0.023303 -0.030888 1.1015 0.30789 -0.40405 0.0091562 1.1527 0.28291
vegetable -0.18619 0.10758 -0.59629 0.02084 1.0854 -0.015964 -0.25726 -0.64197 0.25878 0.38763 -0.301 -0.44328 1.2348 -0.034514 0.08218 0.24775 0.23885 0.43991 0.52834 -0.38192 0.93767 -1.2429 1.0484 0.32113 -0.46491 0.024016 0.5152 0.94137 1.8305 0.17273 1.8273 -0.27806 -0.069439 0.96478 0.2387 0.65589 -0.94056 1.725 0.78825 0.61628 0.23394 -0.10982 -0.024114 -0.3429 1.907 0.76908 -0.23704 -0.23037 0.6822 -0.084809
bean -0.16441 -0.6393 -0.47535 0.52136 0.79618 0.17831 -0.69587 -0.45653 0.037913 0.097089 -0.17562 0.65361 0.67012 -0.022461 0.55479 0.078801 0.048494 -0.021313 -0.13468 -0.51696 -0.025381 -0.80856 1.1516 0.028052 -0.3164 -0.17876 0.013847 0.30098 0.72822 -0.41812 1.0933 -0.68348 -0.56031 0.99091 0.37987 0.24429 -0.87644 0.54737 0.78984 -0.32073 0.17777 0.89938 -0.90714 -0.69424 1.1986 0.44607 0.35949 -0.95421 0.034861 0.6481
squash -1.2464 -0.14007 -1.5114 1.3516 0.041064 -0.68328 0.65638 -0.019202 -0.32277 -0.44702 0.22366 -0.056382 0.098672 0.24812 1.1892 0.80273 0.87765 1.2862 -0.30351 -0.24979 0.17741 -0.77686 1.2898 0.95014 -0.77536 -0.091445 0.27203 -0.02949 -0.68318 -0.14439 1.3033 0.20224 -0.33288 1.0204 0.070099 1.1786 -0.78963 1.5238 0.21275 -1.2566 -0.20855 -0.28282 -0.14176 0.5977 1.9031 0.6184 0.99612 -0.28168 -0.36128 -0.62953
mushroom 0.34268 -0.098631 -1.1239 -0.1312 0.61633 -0.020828 -0.36483 -0.37109 0.54994 0.64293 0.015944 0.38924 1.8736 0.91394 0.67291 -0.33394 -0.002395 0.13949 -0.99834 -0.25256 0.20886 -1.5524 1.1329 0.02346 -0.72908 -0.064473 -0.64184 1.0106 0.79252 -0.048974 0.66363 -0.84482 -0.31983 0.25674 -0.57202 0.43384 -0.59269 -0.18666 0.52448 -0.7356 -0.16994 -0.30736 -0.30064 0.093543 1.4985 0.81362 0.20885 -0.085191 0.17404 -0.45042
pumpkin -0.21494 0.0037023 -0.91938 0.32306 0.90829 0.32506 -0.25375 -0.046341 0.16879 -0.11082 -0.56771 -0.29882 0.93436 -0.056357 0.50281 0.40521 0.37737 0.74313 -0.16467 -0.60053 0.34022 -0.80669 0.97476 0.23343 -0.3046 0.28519 -0.90171 0.74334 1.0003 -0.51923 0.69121 -0.098333 -0.9856 1.6716 0.19972 0.62545 -0.94431 0.64487 0.84108 -1.0793 0.17001 -0.32636 -1.1686 -0.42222 1.2396 0.83365 1.0205 -0.16749 -0.38409 -0.4455
spinach 1.1902 -0.85787 -0.55586 -0.23827 0.16479 0.89336 -0.10505 -0.20613 -0.044259 -0.68561 -0.80579 0.62556 1.2201 0.028399 0.92243 0.03229 -0.48234 0.51797 0.39675 -0.39183 0.1734 -1.3851 2.339 0.37723 -0.22567 -0.072194 0.075897 1.4719 0.52819 -0.093086 0.38149 0.4966 -0.26702 0.86534 0.18435 0.92337 -1.2341 1.5296 1.6305 -0.88342 -0.26624 0.33375 -0.012363 -0.63272 1.3696 1.5905 0.28462 0.31018 1.1552 0.19375
lettuce 0.73034 -0.23683 -0.73585 -0.087086 0.68814 0.60322 -0.30877 -0.331 -0.44736 -1.3283 -0.6306 0.58137 0.82911 0.17155 0.62941 -0.20708 -0.15555 0.74864 0.53543 -0.8057 0.021467 -1.6985 1.6829 0.28308 -0.66105 0.20422 0.19901 1.6744 0.98759 -0.6146 0.47044 0.71119 -0.051451 0.84434 -0.12871 0.99058 -1.4823 1.3502 1.6571 -0.069724 -0.45326 -0.034689 0.02033 -0.59575 1.2373 0.96924 0.34938 0.34617 0.70377 0.46577
celery 0.47636 0.12973 -0.46806 -0.17047 0.68662 0.77938 1.2096 0.085469 -0.94662 -0.59289 -0.77417 0.65166 0.35254 -0.24337 -0.39072 -0.18317 0.054929 0.54961 -0.19147 -0.27495 -0.57984 -1.7207 1.7717 0.1459 -0.70328 0.044743 1.3093 1.2251 1.3329 -0.75418 0.92167 0.42853 0.32437 1.3753 -0.10411 1.1498 -1.1918 0.97538 1.1153 -0.99241 0.91226 -0.31072 -0.356 -0.42264 2.0751 1.6736 1.2504 -0.22003 -0.73395 0.038895
asparagus 0.63146 0.081797 -1.1733 -0.41836 0.57412 0.45501 0.12845 0.027515 -0.55985 -0.68821 -0.67606 0.85031 1.444 0.81027 0.51893 -0.17875 0.4554 0.10735 -0.095294 -0.78739 0.46357 -1.1862 1.4382 0.31836 -0.43071 0.32391 1.3371 0.86475 0.91407 -0.64271 0.5074 -0.20572 -0.75517 1.2644 0.39569 0.53608 -1.2445 0.92115 0.67433 -1.1648 0.013131 -0.14397 0.49075 -0.51489 1.5397 0.066878 1.4692 -0.58404 -0.31602 0.58308
cucumber 0.68224 -0.31608 -0.95201 0.47108 0.56571 0.13151 0.22457 0.094995 -1.3237 -0.51545 -0.39337 0.88488 0.93826 0.22931 0.088624 -0.53908 0.23396 0.73245 -0.019123 -0.26552 -0.40433 -1.5832 1.1316 0.4419 -0.48218 0.4828 0.14938 1.1245 1.0159 -0.50213 0.83831 -0.31303 0.083242 1.7161 0.15024 1.0324 -1.5005 0.62348 0.54508 -0.88484 0.53279 -0.085119 0.02141 -0.56629 1.1463 0.6464 0.78318 -0.067662 0.22884 -0.042453
eggplant 0.35376 -0.4131 -0.88535 -0.50607 0.88266 0.044868 0.56873 -0.23703 -1.2282 -0.35771 -0.49262 0.29853 1.7927 0.76493 0.20351 -0.21514 0.043212 0.2874 0.038522 -0.1227 -0.04651 -1.1849 1.4017 0.0049951 -0.37746 0.36996 0.071635 1.1118 0.54704 -0.66144 0.55421 0.025456 -0.30035 1.4259 -0.38063 0.76705 -1.1234 1.3265 0.72237 -0.94832 0.68437 0.58041 0.2683 -0.81755 1.2017 0.9757 1.1154 0.38661 -0.43097 0.31556
fennel 0.69958 0.24411 0.11055 0.58825 1.2233 0.040715 0.97593 0.040955 -0.29807 -0.31014 -0.57329 0.58477 1.099 -0.19216 -0.20382 -0.19794 -0.48206 0.01704 -0.14178 -1.1056 -0.62181 -1.6866 1.2105 -0.49116 -0.31363 0.3769 1.0335 0.65725 0.87189 -0.083654 0.042802 0.41486 0.058711 1.2235 -0.14857 0.50497 -1.1694 1.4115 0.42116 -1.1299 1.2063 0.30944 -0.20416 -0.48287 1.7782 1.5353 0.61636 -1.1699 -0.39496 0.031044
beet -0.48025 -1.0476 -0.7573 0.18817 -0.17582 0.60175 -0.12622 -0.16443 -0.026884 -0.36896 0.36041 0.11487 1.0456 -0.53983 0.039498 -0.32023 0.16451 1.2381 0.62043 -0.75326 -0.376 -1.7508 0.62993 -0.17438 -0.26795 0.087821 -0.058371 0.35143 0.99837 0.1526 0.49199 -0.04727 -0.66225 1.2366 0.10852 0.65328 -1.465 0.68419 1.0891 0.067396 -0.6928 -0.089284 -0.52293 -0.84512 1.3845 0.22573 0.26226 -0.30793 -0.058364 -0.027491
truffle 0.33402 -0.21901 -1.32 0.15348 0.84483 -0.074507 -0.4893 -0.12663 0.0045823 0.3299 0.33128 -0.077895 1.6401 0.68448 0.42678 -0.35984 0.098004 0.1736 -0.84996 -0.84839 -0.25805 -0.99511 0.65836 -0.24476 -1.0787 0.18069 -0.63656 0.72957 0.86318 0.069165 -0.36235 0.18361 -1.1787 0.8862 -0.28802 -0.20211 -1.6394 0.56198 0.97097 -0.50309 0.19747 0.21866 0.10183 0.11597 0.85099 0.092109 0.43198 0.18362 -0.30914 -0.12283
cauliflower 0.78118 -0.14599 -0.67843 -0.19476 0.27305 0.26865 1.136 -0.5385 -1.1221 -0.3126 -0.093504 0.57751 1.2751 0.32961 0.50223 0.74782 0.16249 1.2711 0.18382 -0.13457 0.30261 -1.0756 1.3694 -0.037667 -0.60821 0.27318 0.74752 1.2677 -0.26372 -0.73201 0.36722 0.81145 0.026562 0.78672 -0.36692 1.24 -0.84331 1.1125 1.1885 -0.83646 -0.055593 0.92511 -0.69831 -0.50119 1.166 0.55902 1.1441 -0.39367 -0.65812 0.18305
artichoke 1.2728 0.42554 -0.55739 -0.37966 0.7041 0.053728 0.2379 0.23662 -0.34058 0.078124 -0.50834 0.25907 1.7256 0.6537 -0.32439 0.91659 0.59644 -0.22432 0.20965 1.3213 0.21296 -0.88356 1.073 0.13497 -0.74421 0.68879 -0.17386 1.1447 0.15487 -0.82991 0.39735 0.84174 0.33242 0.98184 -0.56562 0.99274 -0.49728 0.06459 1.66 -1.2983 0.23861 -0.060825 -0.67613 -0.71611 0.64108 1.4549 0.51139 0.22963 0.38801 -0.20176
gumbo -0.34123 -1.1248 -1.6667 0.54982 -0.37147 -0.41536 0.34086 0.37134 -0.19873 0.46123 -0.50275 0.46465 1.4357 0.68961 0.60663 0.0065036 0.46909 0.28162 0.88575 -0.086696 -0.15961 0.065726 0.46166 0.50092 0.14539 0.42725 -0.47545 0.49164 0.43955 -0.21697 0.25418 -0.38519 -0.53746 1.5707 -0.24682 0.80777 -0.25344 -0.094137 1.3546 0.18282 -0.10482 1.0413 -0.57587 0.57543 -0.00031028 1.0803 -0.074721 0.22953 0.028768 0.12416
legume 1.7818 0.27767 0.30493 1.6323 1.9459 1.5372 0.23839 -0.58138 0.62029 -0.95327 0.70519 -0.33504 1.2455 0.19875 0.4867 0.21098 -0.62678 1.594 0.72413 0.20409 -1.3191 -2.3817 0.54232 0.74332 0.51998 0.16233 -0.31877 0.43818 0.83872 0.61599 -0.28878 -1.0044 -0.34955 0.9497 0.35032 0.36666 -1.4609 0.99399 -0.28134 -0.26556 -0.38002 -1.0107 -0.29182 -0.091129 0.65855 -0.63427 0.42795 -1.3776 0.34391 -0.6388
plantain 0.45634 -1.285 -0.66166 1.4036 0.98496 0.65959 -0.0026926 -0.64147 -0.35076 -0.94202 -0.12008 0.49958 1.564 -0.020039 -0.31314 0.22882 -0.34969 0.8589 0.49968 -0.64921 -0.63492 -1.5175 0.63964 0.36299 0.59247 0.94528 0.0094043 0.31969 0.86484 -0.0024106 0.02346 -0.61829 0.038071 1.138 0.00079433 0.41575 -1.2666 -0.013024 0.1986 0.1017 -0.45833 0.10178 -0.7132 -0.091317 1.6391 1.061 -0.10106 -0.93762 0.40951 -0.27217
radish 0.45247 -0.068123 -0.66627 -0.1366 0.36076 0.64456 -0.22036 -0.45918 -1.3018 -0.83648 0.37963 0.13906 0.61268 0.078173 -0.27348 -0.27105 -0.29356 0.67007 0.50631 -0.0088903 -0.31021 -1.3351 1.0945 0.48734 -0.52353 0.55086 -0.30388 1.0086 0.17327 -0.82833 -0.12805 0.49693 0.34166 0.61133 -0.43757 0.43021 -1.2572 0.883 0.64835 -0.18897 0.3877 -0.6264 -0.31726 -0.66256 2.5003 -0.49978 0.67852 0.71787 0.62142 0.32022
