14 300
season -1.0386 0.5232 -0.73141 0.22199 -0.35843 -0.16097 -1.7882 0.34459 -0.48096 -0.15844 0.2141 0.10096 -1.5051 -0.023355 1.7033 -0.48881 0.03145 -0.16398 -2.2933 0.33231 -0.79011 -0.8724 0.86738 -0.06443 -0.39736 -0.49269 0.091015 0.16807 0.7277 -0.17243 3.0362 1.6277 0.23501 -0.10369 0.60074 0.71933 0.44086 1.2389 0.15929 -1.2127 -1.2541 -0.7432 -1.0108 -0.36778 -0.8631 0.79232 0.63128 0.18791 -0.024801 0.42411
weather -0.046177 0.19105 -0.0088775 0.33513 -1.5276 -1.3877 -0.90678 0.60365 0.7022 -0.75226 0.47992 -0.1758 0.67756 0.48472 0.33934 0.8612 -0.60056 -0.38939 -1.2988 -1.0344 -0.3619 0.40017 0.63314 -0.16999 1.0498 -0.40598 -0.78578 0.85598 1.5479 1.534 3.0251 0.32164 0.37154 -0.8246 -0.057963 0.13627 -0.096647 0.082712 0.0065931 0.034547 -0.62896 0.47067 0.72553 -0.10176 0.35302 0.34795 0.51501 0.20321 0.31264 0.93996
rain -0.20254 0.21883 -0.15896 0.51721 -1.7501 -0.67966 -0.28534 1.1704 0.81655 0.12707 -0.27079 -0.79761 0.67789 -0.52111 0.52794 0.30362 -0.11097 -0.73089 -1.2799 -1.303 -0.67152 0.21641 1.057 -0.82842 1.1664 -0.09637 0.037445 1.0931 1.1897 0.31327 3.039 0.34655 0.24444 0.26882 -0.17778 0.26841 0.3559 -0.088738 0.39478 -0.12047 -0.79954 0.64927 0.055056 -0.48652 0.28933 0.66271 0.19153 -1.1363 -0.114 -0.5977
wind 0.20465 0.13957 0.61922 -0.11125 -1.2909 0.041453 -0.0071437 0.50111 0.30579 0.53658 -0.096206 0.051769 0.585 0.39943 -0.73886 -0.018087 0.57525 0.46354 -1.4922 -1.8647 0.032416 -0.087108 0.34167 -0.82142 1.4041 -0.50637 -0.41899 0.40804 0.70017 0.21769 2.9612 -0.02481 0.25098 -0.034836 -0.38115 -0.4815 -0.020089 -0.21353 0.7775 0.10707 -0.42439 0.12891 0.1161 -0.078719 -0.17193 0.42985 0.29011 -0.96799 -0.53717 0.15817
elements 0.40083 -0.052541 -0.28796 -0.069599 0.6265 0.62607 0.9594 -0.88362 -0.88639 0.63972 0.18646 0.13256 -0.23166 0.60066 -0.87139 -0.15853 0.66232 -0.059771 -0.018809 -0.64646 0.076046 -0.22129 0.37033 0.25128 -0.33309 -0.36825 -1.3377 -0.23018 0.62362 0.37718 3.2857 -0.90661 -0.34344 -1.2811 0.33516 0.80584 -0.16267 -0.44194 -1.0951 0.34523 0.43659 -0.16313 0.089263 -0.22965 0.266 0.58522 0.42678 0.22266 -0.13236 -0.43002
wave 0.51616 -0.12795 0.63093 -0.25139 -0.98941 0.33668 0.20157 -0.19765 -0.095799 0.85015 0.27725 -0.75393 -0.048138 0.78913 -0.12155 -0.29709 -0.025821 -0.16996 -1.6043 -0.58439 0.20213 -0.37113 -0.43134 0.076629 0.31122 -1.0285 -0.63625 -0.0032184 0.59909 0.77779 2.8047 0.16617 -0.064886 -0.67639 -1.0183 -0.20417 -0.32335 -1.5862 -0.21804 0.2529 -0.42229 0.63536 -0.49607 0.0023288 0.5137 -0.064976 0.53554 -0.36296 -0.049225 -0.62364
atmosphere 0.48002 1.0346 -0.66544 -0.051407 0.25726 -0.71347 0.68868 0.063628 -0.50538 1.2226 0.33095 -0.49159 0.26824 1.0291 0.0001132 0.8326 0.79576 0.47859 -0.79932 -0.93132 0.2959 0.90575 0.52605 -0.3416 0.44162 -0.23537 0.065711 1.353 1.3197 1.3481 2.4742 0.18978 -0.36377 -1.6919 -0.66375 -0.23994 -0.54664 0.067938 -0.06854 0.034667 -0.48815 -0.66839 0.065035 0.33452 0.13746 0.28518 0.11428 -0.24181 -0.24626 -0.048408
drought -0.33153 0.22338 -0.51388 0.40727 -1.7321 -0.001406 -0.071636 0.49685 1.2796 0.073781 -0.13374 -0.50327 0.22312 -0.94363 1.0926 -0.012104 0.35931 -0.3504 -0.3845 0.82183 -1.686 -0.78163 0.1298 -1.1785 0.48024 -0.47884 0.38792 -0.041559 1.2619 1.5951 2.5753 0.60826 0.39647 0.39912 -0.24605 1.2488 -0.55668 0.2993 0.83571 -0.12058 -2.0117 0.23152 0.072356 0.13795 0.57238 0.61066 0.23533 0.29491 -0.20523 -0.64847
fog 0.51838 0.13911 -0.31343 0.30545 -1.7081 -0.32157 0.1768 0.76446 0.17806 -0.75958 0.37877 -0.21774 -0.025259 0.33392 -0.00062174 0.86173 -0.8926 -0.034233 -1.2153 -1.3869 -0.25563 0.29067 0.29303 -0.42823 0.46049 -0.3799 -0.51618 1.9615 1.2847 0.64176 1.4094 0.13503 0.06765 -0.064503 0.023018 0.3534 0.1298 -0.4494 0.29741 0.59779 -0.26582 0.85181 0.30548 -0.25829 -0.33677 0.19449 0.71113 -0.7578 0.222 -0.92847
tornado 0.40251 -0.64083 1.0953 0.31115 -1.0811 0.59131 -0.50092 0.41992 0.76105 -0.75449 -0.25756 -1.4308 0.40972 0.1941 -0.34603 -0.4434 -1.1595 0.76684 -2.2093 0.51073 -1.1337 -0.52036 -0.15374 -0.14935 0.56645 -0.4669 -0.71178 0.65858 1.1987 -0.31757 0.93619 -0.27968 0.93009 -0.86445 -0.11806 0.73228 1.0367 -1.3687 -0.43426 -0.24665 -0.69825 -0.189 0.030821 -0.72443 0.29044 0.93797 0.25052 -0.13264 0.025711 0.28656
rainy 0.30803 0.54658 -0.9499 -0.57827 -1.6176 -1.1579 -0.65889 0.56816 0.24995 -0.45212 -0.60003 -0.64772 0.98821 -0.21418 0.8765 0.37065 -0.22165 -0.16959 -1.0154 -0.051014 -0.28229 -0.034844 0.90797 -0.17459 0.70761 0.51302 0.14856 1.4121 1.0511 1.254 1.884 0.65317 0.22876 0.2735 -0.015006 0.23765 0.09801 0.093009 0.21272 -0.31905 -1.4648 0.14567 -0.2181 -0.30475 -0.29356 0.048476 0.50535 -0.42373 0.36562 0.43045
precipitation -0.43591 1.0021 -0.16463 -0.2375 -1.2381 -0.033302 0.75499 0.39287 1.0892 0.10882 0.15211 -1.5333 2.2251 -0.68854 0.22221 0.5153 -0.13704 -0.38462 -1.2585 -0.601 0.060937 -0.95471 2.311 -0.5181 0.22564 1.0005 -0.51141 1.3193 1.0424 1.6486 2.1456 0.031964 0.72664 -0.76938 0.10116 -0.37355 -0.26033 0.44897 0.012864 0.14768 -0.79028 0.56214 -0.22613 -0.40377 -0.90321 -0.33304 0.88699 0.2667 -0.58535 0.3511
thaw 0.37884 1.2427 -0.59592 -0.4439 -0.77249 0.28498 0.071758 0.98404 -0.14848 0.28115 -0.019274 0.91712 0.16278 0.81729 0.019237 1.2869 -0.49955 -0.96913 0.47275 0.83961 1.0282 -0.70455 0.82893 -0.83555 0.48749 -0.36784 0.35994 0.62075 1.3821 0.67278 0.62389 0.24699 0.12793 0.33642 -0.17951 -0.052912 -0.79335 0.29878 -0.1784 0.19958 -0.90622 -0.0274 -0.681 -0.87689 0.77372 0.069646 0.85043 0.071314 -1.1435 -0.36691
halo 0.50014 -0.043226 0.2527 0.90504 0.41317 -0.10355 0.47414 -1.0035 0.30731 0.55713 0.58128 0.57739 -0.4602 0.45883 0.29402 0.19309 -0.42405 0.64225 -0.82645 -0.18109 -0.59404 0.018422 0.39984 -0.40269 -0.44619 0.65758 -0.64269 0.6276 0.51042 -0.57091 0.80385 0.13926 -0.14166 -0.27217 -0.43094 0.6525 0.060605 -0.96068 -0.11016 -1.1133 0.015875 -0.64505 -0.61494 -0.19378 -0.40091 0.20858 0.73196 -0.6227 -0.16656 -0.44392
