14 300
orange -0.42783 0.43089 -0.50351 0.5776 0.097786 0.2608 -0.68767 -0.31936 -0.25337 -0.37255 -0.045907 -0.53688 0.97511 -0.44595 -0.50414 -0.086751 -1.0645 0.36625 -0.52428 -1.3413 -0.2391 -0.58808 0.56378 -0.062501 -1.7429 -0.88077 -0.27933 1.4705 0.50436 -0.69174 2.0018 0.26663 -0.85679 -0.18893 -0.021125 -0.055118 -0.50337 -0.67157 0.55502 -0.8009 0.10695 0.1459 -0.55588 -0.64971 0.22046 0.67415 -0.45119 -1.1462 0.16348 -0.62946
blanche 0.89199 0.17765 -0.63475 -0.89943 -0.76748 1.0334 -0.16319 0.69021 -0.052439 0.065141 -0.76356 0.21942 -0.092717 -0.96778 -0.94419 -0.39848 0.019815 -0.47689 0.28176 0.0028763 -0.029838 0.40086 0.38685 0.27187 -0.59271 -0.60879 -0.94145 0.20009 0.51209 -0.54997 -0.49275 0.10081 -0.7829 -0.068507 0.65729 -0.9628 -0.16612 -0.16893 0.26721 -0.45891 0.35674 0.24198 -0.19753 -1.2188 -0.4626 -0.26002 -0.56823 -1.46 0.043107 1.392
beige -0.58409 -0.21655 -0.63813 -0.46873 0.58144 -0.8133 -0.44833 -1.6406 -0.21187 -1.1703 -0.35123 -0.37382 0.46097 0.53161 -0.13126 0.49008 -1.2893 -0.56954 0.57905 -1.3572 -0.5239 0.019454 0.17204 -0.76834 -1.279 0.21829 -1.2268 2.4593 0.40687 0.21714 0.92788 -0.86538 0.0041217 0.013002 0.082993 0.36778 -0.13185 -0.20455 -0.029461 -1.0022 0.073487 0.12418 0.23072 -0.18519 0.46311 -0.43402 0.74694 -0.30326 0.52476 0.11256
cobalt -0.005804 0.93378 0.74418 1.0288 -0.37737 -0.10245 0.5576 -0.021293 -0.063347 1.1926 1.3785 -0.041275 0.39257 -0.34397 -0.30084 0.6969 0.40976 1.467 -0.084368 -0.72208 -0.08641 -0.56811 0.59118 -0.63788 -1.4256 0.58384 -0.95768 0.73595 0.73781 0.25988 0.39427 -0.64841 -0.12946 0.1773 1.4958 0.35954 -0.32026 -0.099629 0.58646 -0.32339 -0.02401 -0.46241 0.50775 -1.4034 0.32025 -0.37883 -0.40478 -0.59423 0.061159 -0.83596
bleu -0.37748 -0.035607 -1.9879 -1.0134 -1.0121 -0.6225 0.42249 -0.13735 0.18456 0.44712 0.44836 -0.046905 0.048197 -0.78054 -0.013858 -0.51272 0.35262 0.8421 -0.43808 -0.48331 0.6039 0.86091 0.18446 1.188 -1.0716 0.17868 -0.55765 0.64844 -0.42651 -0.66865 -0.23768 0.028546 -1.3268 0.98173 0.24368 0.043326 -0.22971 -0.27038 0.98168 0.30714 1.2621 0.34505 0.068735 -0.76816 0.47959 -1.0619 1.3035 -0.14369 0.16484 0.45794
magenta -0.13393 0.48472 -0.71821 0.51121 0.2017 0.24473 0.11402 -0.95129 -0.69933 0.19039 0.73225 0.052856 0.75644 -0.4273 -0.92621 -0.493 -1.1131 -0.053321 -0.33725 -0.76692 -0.841 -0.32719 0.57661 -0.3248 -0.63378 0.68081 0.073426 1.2614 0.69041 -0.85349 -0.11972 0.18763 -0.62599 -0.31796 -0.42618 -0.1291 -0.97853 -0.19624 -0.31548 -0.12774 1.0625 -0.031638 -0.40874 -0.70275 0.097635 -0.51525 0.76193 -0.97833 0.14334 -0.44977
mauve -0.091628 0.97948 -0.85793 0.15368 0.32822 0.27345 0.42484 -0.29261 -1.4768 -0.12324 0.53701 0.56277 0.59804 0.29042 -0.29829 0.10508 -0.37639 -0.11622 0.084317 -0.75895 -0.53668 -0.51213 0.47052 -0.89711 -0.5414 0.53237 -0.12895 1.3774 0.77862 -0.62005 -0.55544 -0.50509 -0.40718 0.51631 0.40554 0.016888 -0.34869 0.079269 -0.59487 0.50695 0.13597 0.41182 0.33533 -1.2194 0.85026 -1.0581 0.49537 -0.89965 -0.66009 -0.25579
cyan -0.32048 0.050699 -0.67888 1.4638 0.073819 0.25944 -0.25337 -1.0732 -0.32311 0.1545 1.0719 0.48536 -0.050088 -0.37445 -0.43968 -0.52964 -0.79727 0.31603 -0.24474 -0.96312 -0.77385 -0.46958 1.1777 -0.013742 -0.45793 1.0647 0.10519 1.0471 0.47963 -1.1948 -0.55403 0.12998 -0.76082 -0.87984 -0.61657 -0.069926 -1.4858 0.087361 -0.058454 -0.17051 0.85686 -0.84142 -0.23033 -0.59445 0.18046 -0.22243 0.97699 -0.52327 0.29951 -0.70397
violette -0.1211 -0.22819 -0.67162 0.52864 -0.21178 0.44026 -0.24997 0.33508 -1.0951 -0.04699 0.84463 0.47415 -0.047578 -0.52151 0.89877 -0.73021 -0.05255 -0.24559 0.070768 -0.88652 -0.70631 -0.61866 -0.6635 0.088254 -0.14291 0.42095 0.218 0.33486 -0.18468 -0.61928 -1.618 0.18867 -0.16395 0.36844 -0.66436 -0.50768 -0.52049 -0.13297 0.89524 0.17907 0.70055 0.35171 0.24303 -0.41772 0.27198 -1.1166 0.29338 0.012697 0.44507 0.23664
verte 0.4051 0.19021 -1.4766 -0.90512 -1.0622 -0.3361 0.92942 -0.19479 0.34261 0.24191 -0.83328 0.42523 0.3334 0.0035177 -1.7551 -0.73749 0.1808 -0.014413 -0.47335 0.24492 -0.29404 -0.69953 0.3658 0.58393 -0.3424 0.47084 0.19033 1.3329 0.49495 -0.46456 -0.6771 -0.23457 0.22794 0.62962 -0.42198 -0.86585 0.44794 -0.47718 -0.70471 0.16589 0.80336 -1.0965 0.52987 0.014162 -0.30094 0.40596 -0.3531 -0.59325 1.2236 0.33993
rouges 0.19514 -0.30036 -0.26822 -1.0099 -0.60068 -1.1145 0.0024345 0.038269 -1.2468 0.51311 -0.34691 0.6482 0.26287 -0.38597 0.10091 -1.0852 1.2031 0.57255 0.053472 0.25751 -0.81877 -0.52274 0.70951 0.026119 -1.1241 1.8996 -0.81537 0.2181 0.248 -0.17108 -1.1261 -0.19402 -0.49865 0.15252 0.2125 1.2228 -0.90315 -0.95844 -0.011931 -0.30012 -0.07568 -0.93196 0.26003 -0.27407 -0.54813 -0.27828 0.065336 0.38368 -0.053882 -1.0672
couleur 0.1352 -0.34403 -0.8565 0.19616 0.35901 -1.0964 0.21472 0.16235 -0.53902 -0.14895 0.86139 0.4488 0.81893 0.48687 -0.58389 -1.3212 -0.89865 0.032414 0.051249 -0.3612 -1.0513 -0.027506 0.50611 1.5784 -0.94966 1.292 -0.57068 -0.062104 0.55161 -0.54295 -0.82716 -0.22195 -0.92612 0.060517 -0.35007 -0.28895 -0.62891 -0.90425 -0.25571 0.77995 1.172 -0.61283 0.71903 0.19896 -0.20768 -1.074 -0.0041112 -0.76586 1.0022 0.53144
