14 300
berger 0.20568 0.58952 0.60622 0.77782 0.086369 0.42748 -0.60628 -0.0047703 -0.83227 -0.65038 0.19457 0.18187 -1.5318 -0.32001 0.82842 -0.28472 0.35319 -0.17911 0.19369 -0.72837 -0.038728 0.40498 -0.18151 -0.45105 0.5761 -0.37132 0.14386 -0.08909 -0.7334 0.12457 0.056591 -0.3713 -0.7139 -0.23288 -0.28476 -0.49917 -0.59291 1.2475 0.88492 0.47447 0.48689 0.38848 0.3143 -0.78303 -0.094786 0.008628 -0.013863 0.43249 0.049776 0.055774
bongo -0.48659 0.20329 -0.20596 0.72419 -0.48285 -0.11406 0.027104 1.0357 0.14553 1.1287 0.66575 0.20758 0.45176 -0.19841 0.031928 0.33307 -0.70056 0.3632 0.41911 0.52809 -0.69683 0.57293 1.274 -0.41469 0.059385 -0.15093 -0.17389 -0.00071893 -0.47373 0.90246 0.11405 -0.18254 -1.0953 0.94874 0.80437 0.36936 -0.089146 0.40498 0.23459 0.35809 0.10832 1.0416 -1.6358 -0.75622 -0.020867 0.76301 -1.2348 -0.14841 0.037369 -1.2933
capra 1.0088 -0.49251 -1.2289 0.0062044 -0.32431 0.21809 -0.25547 -0.87769 -0.65725 0.85075 -0.55063 1.4376 0.082261 -0.22999 0.54338 -0.8033 0.26535 0.49165 -0.66369 0.42712 -0.084444 0.09586 0.27667 -0.56417 0.53511 -0.15478 -0.46385 0.29401 0.0062286 -0.81231 -0.79381 -0.31115 0.071994 0.27963 -0.27488 -0.26514 -0.75776 0.67479 -0.39406 -1.1339 0.21431 0.115 0.62183 -0.98938 -0.18331 0.68707 -0.10198 -0.78173 0.0083149 0.649
gazelle 1.1704 -0.68042 -0.3651 -0.14386 -0.43206 0.15623 -0.36624 -0.37267 0.33259 -0.23512 0.50271 0.48369 0.95275 -0.93094 -1.277 -0.57163 0.059422 1.0316 -1.1678 -0.065367 -1.3777 0.25122 0.17736 -0.56167 0.73084 0.27092 -0.62764 0.23881 -0.32705 -0.61943 -0.094283 0.17463 -0.12832 1.862 0.94278 -0.16067 -0.56632 -0.36759 -0.46716 -0.27487 0.41613 -0.0085206 0.13912 -0.55991 0.48221 -1.1207 0.41939 0.21289 0.20669 -0.13493
souris -0.50261 0.77822 0.29966 -0.57434 -1.2438 0.17316 -0.060551 0.60216 0.20662 -0.13324 0.19964 0.28748 1.2608 -0.52286 -1.6872 -0.43436 0.24521 0.30747 -0.05563 0.51538 -0.467 -0.74818 0.54735 0.34376 0.493 0.5851 -0.52191 0.37878 -0.078422 -0.18292 -0.76845 0.12565 0.083314 -0.63244 0.37349 0.018995 -0.19732 -0.86519 0.54346 0.29105 -0.35368 -0.080818 -0.84938 -1.0991 -1.2432 -0.71585 0.50055 -0.85633 1.0327 0.034517
bonobo -0.21347 -0.33245 -0.62557 0.54303 0.12127 0.67046 0.043356 -0.76638 0.26224 0.82714 0.62231 -0.069462 1.4052 0.90222 -0.50262 0.20165 0.69948 0.7994 0.30823 0.70518 -1.0237 0.78454 0.56309 0.02626 0.91202 0.84211 -0.22839 -0.28376 -0.37267 -0.26899 -0.83885 -0.38969 -1.2331 0.030338 -0.007494 -0.3847 -0.64401 -0.65679 0.40796 -0.26948 -0.96685 -0.83529 -0.11202 0.454 0.21622 -0.54107 0.27254 -0.1548 0.57678 -0.35734
pichi -0.8318 -1.1164 -1.6243 0.29444 0.029899 0.009835 1.0339 0.38103 -0.13534 0.35029 -0.2197 0.73275 0.20356 -0.1616 -0.50208 -0.1979 0.47376 -0.34445 0.31995 -0.12945 0.32459 -0.57649 -1.0668 -0.29513 1.0312 1.2485 0.83633 1.0249 0.31807 -0.48558 -0.67239 -0.71086 1.2586 2.1461 -0.35853 -0.074627 0.83645 -0.52317 -0.8146 0.81409 0.38808 0.32546 -0.94783 0.080474 -0.67235 -0.32581 0.22135 -0.20183 0.16427 -0.24209
eidolon -0.37602 -0.54033 -0.013258 -0.19699 0.22995 -0.43916 0.24844 0.14048 0.34588 -0.18107 0.15556 0.7507 0.15274 0.09757 -0.22047 -0.27185 -0.28945 0.64454 0.31145 0.42945 -0.010352 -0.31232 0.72929 0.42403 0.33979 0.45329 -0.45873 0.44133 0.15736 0.044698 -1.0001 -1.0315 -0.18482 0.60561 -0.4908 0.40107 -0.41929 -0.45346 -0.29163 0.0010567 0.86572 -0.68001 -0.74114 0.038415 -0.16767 -0.052191 0.31652 0.51662 0.19735 -0.60157
chevaux -0.040105 -0.65188 -0.53983 -0.21539 -1.2508 0.13523 0.37706 0.11547 0.22204 0.5823 0.92434 0.44145 -0.19323 1.1074 0.11281 -0.87873 0.46255 0.23866 0.24891 -0.73855 -1.02 -0.19262 0.46768 0.73224 -0.80851 1.8864 -0.76471 0.20824 0.54272 -0.12772 -0.88734 -0.70309 -0.8308 1.1869 0.3 0.26398 0.77937 -0.036568 0.017715 0.82917 0.47076 -0.68071 0.57249 0.51078 -0.58805 -0.7866 0.027349 -0.47691 0.38257 0.32902
