12 300
hawk 0.2619 0.17479 0.78775 -0.34369 -0.11656 0.20397 -1.2798 -1.172 0.064945 -0.91915 -0.1935 0.57769 0.23091 0.65702 -0.91733 0.2715 -0.19089 0.7594 -1.4329 0.32539 -0.63615 -0.00018125 -0.041946 -0.73769 0.15002 -1.12 -0.12494 0.46037 0.42024 0.04136 0.72067 0.15595 -0.31678 0.67628 0.34081 -0.11305 -0.17328 -0.74284 -0.98634 -0.51786 -0.23539 0.17909 0.051461 -0.61042 0.91237 -0.1162 -0.14017 -0.15579 -0.14926 0.61336
falcon 1.2172 0.23992 0.32509 0.34552 -0.19322 0.084162 -1.1561 -1.3064 0.089254 -0.14975 0.6919 0.7451 -0.073422 -0.10411 -0.20525 -0.062842 -0.17808 1.1345 -1.7893 0.013572 -1.1489 0.23252 -0.49046 -0.52041 -0.40614 -0.040478 -0.23567 0.13125 0.021965 -0.026563 0.42178 -0.076023 -0.75807 0.68721 0.77598 -0.14984 0.022735 -1.0864 -0.21989 -0.17178 0.087015 0.10117 -0.19513 -0.45087 -0.21413 -0.40937 0.37012 -0.26132 -0.32816 0.36355
queue 0.77065 -0.18977 0.77561 -0.54352 0.09994 -0.79983 -0.1171 0.16007 0.41748 -0.64021 -0.012931 -0.78702 0.43765 0.17174 0.37636 -0.14302 -0.20391 0.25891 0.65582 -1.3114 0.056821 -0.6146 -0.46622 1.1349 0.63671 0.39716 0.41059 0.43041 -0.0070071 0.0097093 1.1564 0.78886 -0.497 0.37827 -0.47857 0.13582 0.21395 -0.42399 -0.26813 0.10146 0.24127 -0.29565 -0.80438 0.87892 -0.66847 -1.4865 0.89255 -0.40577 0.36058 -0.36516
sparrow 0.51824 0.12752 -0.028613 -0.2253 -0.027224 0.12575 -0.63629 -0.5716 0.12172 -0.30685 0.13289 1.1379 0.9464 -0.12435 -0.72736 0.21934 0.21136 0.52785 -1.1962 0.50495 -1.3818 0.55238 0.10748 -0.54073 0.29376 -0.3112 -0.056236 0.49494 -0.17303 -0.55319 -0.023643 -0.89135 0.10263 0.28575 0.22427 0.25842 0.064539 -1.6517 -0.23198 -1.1219 0.62044 -0.11102 -0.0070943 -0.58372 1.1325 0.35399 0.35192 -0.15841 -0.72043 0.25735
partridge -0.13616 -0.11998 -1.1152 0.10046 0.66508 0.40853 -0.81813 -0.30927 -0.47299 -0.70359 -0.18886 1.0754 0.72671 -0.24976 0.56396 0.34836 0.70943 0.082218 -0.51436 0.25055 0.0077289 0.29463 0.32235 0.21191 0.66013 0.5929 -0.025797 0.056438 -0.17108 -0.2554 0.072898 -0.92577 0.64792 0.48705 0.47154 0.17347 -0.21596 -1.2049 0.31988 -0.59167 -0.17313 0.21983 -0.52543 -0.32337 0.79043 -0.44638 0.58118 -0.43035 -0.024625 0.62984
flamingo 0.39718 0.67911 -0.78887 0.76681 -0.17142 -0.20702 -0.4162 -0.6428 0.1868 0.76093 -0.43854 0.27815 0.60204 -0.30829 0.52213 0.23659 0.33594 0.53182 -0.6757 0.28837 -0.12096 0.025288 -0.58152 0.11645 -0.97404 0.18964 0.27011 0.78447 0.48942 -0.7628 -0.37332 0.093336 -0.05424 0.71337 0.061193 -0.59086 -0.19438 -1.156 -0.20679 -0.61043 -0.67012 0.020224 0.18655 0.36631 -0.36831 -0.67026 -0.37819 -1.4602 0.46837 -0.060869
oie 0.28844 -0.37812 -1.6867 0.19864 0.43473 -0.58751 0.36445 -1.6315 1.8814 -0.53653 1.4523 0.58929 0.237 0.16306 0.33798 -0.3374 -0.31061 -0.35188 0.05232 0.19464 -0.85652 -0.037623 -0.3077 -0.18846 -0.34361 0.43097 0.1635 -0.98623 -1.8231 0.71852 0.17464 0.70541 -0.89577 0.075578 -1.7413 -0.66159 0.57746 -0.32358 1.1211 0.4634 0.41499 -0.94413 0.764 0.62448 1.066 0.93451 -0.76968 0.27875 1.1069 0.1868
albatros 0.59568 -1.5805 1.513 -0.4264 0.49761 -0.22067 -0.61466 -0.40387 -1.3063 -0.27062 0.036853 -0.31332 -1.3886 0.3309 -0.99546 -1.7897 -0.90395 1.3756 -1.3022 0.00074556 -0.63951 -0.091878 -0.78005 -0.34271 0.25402 0.5601 -0.57881 -0.26332 1.2109 0.48067 -0.69929 -0.64875 -0.74368 1.2745 -0.4257 0.020403 -0.28436 -0.27906 -0.82114 0.15555 1.6119 -1.5721 -0.2724 -0.25024 -0.35002 0.35531 0.024691 0.8016 -0.24907 -0.45395
buse -0.33451 -0.12276 -0.40394 -0.62393 0.4246 -0.46291 0.2224 -0.096136 0.65074 -0.41868 -0.34612 0.1469 0.37187 -0.50041 -0.25953 -0.51966 -0.51758 -0.69054 0.39063 -0.12254 -0.64005 -0.13412 0.14388 -0.70655 0.3314 0.44902 -0.0028372 0.0033835 -0.85834 0.31689 -1.328 0.17654 0.4323 0.14872 -0.25057 -0.67604 0.36973 0.14808 0.16562 0.39931 0.078438 0.45225 -0.75792 -0.10199 0.48882 -0.65198 0.43831 0.29372 -0.47938 1.3854
caille 1.1634 -0.9185 -0.3257 0.41473 -0.29416 -0.47672 0.18076 0.47412 0.21203 0.21302 -0.21202 0.89459 -0.87052 -0.46087 -0.41051 -0.67096 0.04182 0.098057 0.77667 0.40882 -1.4148 0.69732 -0.56573 0.2796 0.043665 1.1459 0.18193 -0.15701 -0.46198 0.41646 -0.86609 -1.1028 0.19154 1.104 0.48239 -0.085886 -0.36242 -0.78182 0.90175 0.071434 0.22256 0.090802 -0.26775 -0.075474 -0.51503 0.33789 0.049935 0.027668 0.30579 0.22875
