13 300
football -1.8209 0.70094 -1.1403 0.34363 -0.42266 -0.92479 -1.3942 0.28512 -0.78416 -0.52579 0.89627 0.35899 -0.80087 -0.34636 1.0854 -0.087046 0.63411 1.1429 -1.6264 0.41326 -1.1283 -0.16645 0.17424 0.99585 -0.81838 -1.7724 0.078281 0.13382 -0.59779 -0.45068 2.5474 1.0693 -0.27017 -0.75646 0.24757 1.0261 0.11329 0.17668 -0.23257 -1.1561 -0.10665 -0.25377 -0.65102 0.32393 -0.58262 0.88137 -0.13465 0.96903 -0.076259 -0.59909
golf -0.50695 1.2516 -0.97775 1.1732 -0.92008 -0.78049 -1.2378 -0.23536 0.089029 -0.34662 -0.75436 -0.41704 -0.91023 -0.23313 0.59862 0.72932 0.77085 1.2865 -0.67962 -0.45301 -0.34519 1.0711 -0.61766 0.59421 0.1466 -0.81916 -0.86074 0.14766 -0.46542 -0.66616 2.0837 0.41402 -0.053764 1.2341 0.95517 0.19039 -0.13464 1.0547 -0.12067 -0.85757 -0.25925 -0.71608 0.42513 1.3469 0.50054 0.017252 0.20064 -0.28727 -0.11569 0.12408
catch 0.05097 -0.58302 0.52854 -0.29016 0.4645 -0.23776 -0.92569 0.11286 0.9455 0.50606 -0.31356 0.91192 -0.23352 0.76829 0.38119 0.03595 1.1006 -0.69682 -1.4661 -0.61812 -0.23833 0.077579 0.67397 0.16424 0.9776 -1.4479 0.44068 -0.022417 0.99546 -0.84017 2.1798 0.76984 0.038056 0.58948 0.4314 0.24135 0.024798 0.25432 -0.13002 0.032039 -0.42749 0.86448 0.072871 0.83733 0.033924 -0.060548 0.3588 -0.26135 0.63284 -0.14244
badminton -1.7092 0.36399 -1.0464 2.1755 -0.3554 -1.043 0.64953 0.46436 0.33071 -0.75288 1.0315 -0.41413 -0.67024 0.45426 1.1102 0.61972 0.093198 0.65911 -0.70247 -0.32327 -0.086315 -0.010542 -0.073478 0.70835 -0.13883 -0.46317 -0.27915 -0.83961 -1.9688 -0.047392 1.1082 0.67673 0.31794 0.4553 0.098444 0.54616 0.5481 0.71717 -0.41543 -0.90274 -0.35898 -0.5958 0.3551 0.70041 1.2406 0.4635 0.51151 -0.54871 -0.065914 -0.87089
volley -0.28896 -1.0615 -0.17621 -0.3004 -0.4074 -0.38123 0.32945 0.85208 0.077032 0.99935 -0.79903 -1.1919 -0.81683 0.52946 -0.81093 -1.3954 0.6249 -0.92177 -1.9396 -0.34726 -0.58148 0.4229 -0.66903 -0.45794 0.53826 -1.3715 0.58138 0.84329 0.43734 -0.91142 1.6692 -0.46225 0.29929 1.1423 0.1141 0.8155 0.25111 1.2497 -0.095915 -0.45619 1.513 0.98519 0.013792 0.11401 0.14029 -0.38506 1.7294 0.04016 -0.059611 -0.56247
lacrosse -1.8365 0.96084 -1.024 0.79437 -0.95325 0.71389 -0.4351 -0.096659 0.18267 -0.55732 0.89149 -0.12853 -0.70132 -0.022238 0.18681 0.036385 0.11107 1.9285 -0.88984 -0.082878 -0.81589 -0.091477 0.0017901 0.91019 -1.5251 -1.2264 -0.11789 0.2 -0.6878 -1.215 0.08601 0.41213 -0.32939 -0.39996 1.0819 0.68075 0.18629 0.054149 -0.076557 -0.35209 -0.35558 -0.76425 0.46237 0.42231 0.65579 0.15731 0.44207 0.41008 -0.77185 -0.52709
judo -2.538 0.43577 -0.88345 0.97735 -0.24727 -0.47914 1.0194 -0.25027 -0.20611 -0.11741 1.4863 -0.53362 -0.8507 0.62792 0.44822 0.015781 -0.13135 1.4552 -1.2228 -0.56215 0.1029 0.25951 0.12619 0.12064 0.038398 -1.0527 -0.68587 -0.82898 -1.1654 -0.079565 0.21306 0.62339 -0.68304 0.039726 0.026152 0.038168 -0.083308 1.3196 -0.6125 0.22851 -0.35553 -0.726 0.67409 0.47842 1.063 -0.26721 0.85471 0.032691 -0.40795 -0.66682
sumo -1.1281 0.74083 -0.75949 1.6981 -0.3767 -0.79818 1.0487 1.6575 -0.91523 -0.059588 1.0322 -0.23807 0.16607 0.89266 0.758 0.58841 -1.0747 1.5657 -0.57806 0.21744 -0.10045 -1.2127 -0.056821 0.32144 -0.50439 -0.8073 -0.61891 -0.45966 -0.78486 0.40355 0.64296 0.72975 0.42803 0.88315 0.11686 0.18209 0.13211 0.48011 -0.3173 -0.58049 -1.1384 -0.76586 -0.71949 1.3968 0.72796 -1.1124 0.27274 -0.35116 -0.31474 -0.47312
cheerleader -1.244 0.25035 -0.54671 -0.3775 0.471 -0.12109 -0.15548 -0.054132 -0.12534 0.24406 0.12208 -0.23725 -0.081819 0.34939 -0.018839 -0.40897 -0.24071 1.3323 0.085147 0.57887 -1.2753 0.64339 -0.19471 0.52224 -0.66469 -1.0596 -0.27618 0.68968 0.0032338 -0.64369 -0.21719 0.85369 0.22304 -0.20652 0.16024 0.63468 -0.26584 -0.20624 -0.11251 -1.2479 -0.55661 0.11998 -0.77302 0.10424 0.60073 -0.69548 0.25995 -0.13481 -0.27864 0.96469
snowboard -0.95956 0.71175 -0.64498 1.3237 -0.85683 -0.23788 -0.54267 -0.8298 1.2267 -1.2879 0.28579 -0.9232 -0.88252 0.15279 0.32198 0.55995 0.45384 0.48735 -0.82129 -1.2836 0.28495 0.43984 -0.72057 0.57772 -0.066126 0.23926 -0.92395 -0.17317 -0.52453 -0.50996 -0.055135 0.83096 -0.88041 0.75316 -0.038494 -0.064468 -0.22616 0.56586 -0.12311 0.089935 0.12859 -0.66865 0.6661 0.6981 0.94682 -0.36517 1.4524 -0.1853 -0.17973 -0.29629
fusillade -0.10915 -1.1258 -0.0086568 -0.86856 -0.24048 0.60308 0.68798 0.19622 -0.72226 0.54758 -1.2308 -1.5107 0.099434 0.10623 -0.46846 -1.2567 -0.51205 0.0286 -1.2734 -0.30598 0.22533 0.74091 -0.23923 -1.0257 -0.014864 -0.023483 -0.52072 0.7205 0.61332 -0.11618 -0.6421 0.0038617 -0.30502 -0.27752 -0.30185 0.8056 0.037722 -0.5633 0.4491 0.37125 0.29833 0.54192 -0.57061 0.1876 0.39864 -0.05874 0.67599 0.90869 0.13824 -0.50989
ramer -0.58637 1.143 -0.71803 0.34506 -0.92798 0.55987 -0.30558 0.45687 0.44311 0.06178 -0.45299 -0.41515 0.050871 -1.5004 -0.25725 0.96053 0.11871 0.045259 0.60229 -0.16761 0.28988 1.1391 0.66225 0.64859 0.64396 0.98154 -0.28421 0.63924 -0.041183 0.41307 -1.1025 -1.331 0.82809 -0.93749 0.60016 -0.67511 -0.74628 -0.89421 0.17682 -0.26149 0.39533 -0.67047 -0.42489 -0.90371 1.9404 -0.024744 0.52301 0.34374 -0.28296 0.25482
nager 0.13414 -0.95501 0.10493 -0.13605 -0.43964 0.82123 0.025045 0.016151 0.68782 -0.017204 -0.15663 -0.19181 -0.2195 -0.87115 -0.17046 -0.31916 -0.072889 -0.010457 0.6464 0.35602 -0.84942 0.87289 -0.089629 -0.1485 0.80153 0.66961 0.50994 0.12113 -0.0057039 -0.31469 -1.5042 -0.66387 0.30219 0.32448 0.42577 -0.1951 0.42031 -0.014435 0.19072 0.49173 0.17107 0.00546 0.10106 -0.29306 0.062255 -0.63669 0.14291 0.045466 0.11339 0.77987
