12 50
robin -0.26362 0.41994 -0.79729 0.86664 0.58936 0.68519 -0.26007 0.32548 -0.046497 -0.7095 0.15062 0.68397 -1.1083 0.51457 0.63559 0.23652 0.89858 -1.0909 -0.79213 -0.062496 -0.20448 0.24034 0.53381 0.83544 -0.11545 -0.59479 0.19435 -0.37466 -0.49624 -0.40082 0.92792 -0.11287 0.23288 0.11878 0.35524 -0.027567 0.22443 0.36326 -0.33158 -0.52621 0.48268 0.72329 -0.0063863 -0.86676 0.61046 0.26654 0.54224 -1.0559 -0.2899 0.87809
eagle 0.19801 0.35342 -0.24864 -0.057675 0.55102 0.15456 -1.2327 -0.59043 0.6832 -0.98202 -0.069644 0.10602 0.21356 0.6842 -1.2103 -0.3973 0.088809 0.11844 -2.1396 0.10267 -0.81186 -0.36662 -0.65438 -1.0604 -0.28475 -1.0477 -1.0364 0.39196 -0.38947 -1.2059 1.5166 -0.2893 -0.096691 1.5869 0.38855 -0.57781 0.12885 -0.52103 0.035671 -0.49285 0.019065 -0.70124 0.013954 0.19987 0.0058194 -0.51999 0.48422 -0.33066 -0.27277 -0.10657
swan 0.27238 0.22593 -1.1908 -0.23927 -0.52611 0.82609 -0.87775 -0.054317 0.09003 -0.69817 0.10447 0.5455 0.57052 0.13207 -0.25178 0.20716 0.52724 0.25385 -0.89624 -0.18434 -0.052119 -0.033578 -0.096924 0.016039 0.46988 -0.51709 -0.88802 0.86436 -0.92233 -0.58577 0.9119 -0.35336 0.44796 0.44182 0.2341 -0.31209 0.64505 -0.53256 0.24051 -0.61033 -0.4876 0.15663 -0.12074 -0.96956 -0.096614 0.056532 -0.38154 -0.83208 0.63474 0.34331
falcon 1.2172 0.23992 0.32509 0.34552 -0.19322 0.084162 -1.1561 -1.3064 0.089254 -0.14975 0.6919 0.7451 -0.073422 -0.10411 -0.20525 -0.062842 -0.17808 1.1345 -1.7893 0.013572 -1.1489 0.23252 -0.49046 -0.52041 -0.40614 -0.040478 -0.23567 0.13125 0.021965 -0.026563 0.42178 -0.076023 -0.75807 0.68721 0.77598 -0.14984 0.022735 -1.0864 -0.21989 -0.17178 0.087015 0.10117 -0.19513 -0.45087 -0.21413 -0.40937 0.37012 -0.26132 -0.32816 0.36355
goose 0.31786 0.093919 -1.1267 -0.68599 0.53255 1.2883 -0.63421 -0.08913 0.39714 -0.88631 -0.31424 0.71085 1.1573 0.042466 -0.26594 0.16807 0.91409 0.75758 -1.2127 -0.30392 -0.033525 -0.55953 0.5128 -0.23946 0.61924 -0.71166 -0.61219 1.169 0.67233 -1.4961 0.46294 0.75578 -0.091662 1.1958 -0.014816 -0.064083 -0.076283 -0.38202 0.46236 -0.056525 -0.83905 0.0057199 -0.56587 -0.5296 0.47926 -0.24882 0.078883 -0.35753 0.21139 0.37438
penguin 0.26809 0.19536 -0.85239 0.17078 0.49344 0.17885 -1.1485 -1.5259 0.32724 -0.41434 0.32616 1.0239 0.55419 0.3874 1.0458 0.31049 0.067686 -0.14538 -1.2247 0.8357 0.067415 0.45555 0.41626 0.30002 -0.2766 0.28402 -0.78093 -0.36034 -0.6686 -0.40467 0.33729 -0.39184 0.1391 1.0417 -0.89186 -0.28363 -0.63136 -1.0775 0.18568 -0.98521 0.85771 -0.25934 0.25918 0.64003 -0.27659 0.45614 0.56947 -0.36858 -0.84004 -0.26615
owl -0.0088448 -0.42786 -0.79392 -0.42002 0.41497 0.093863 -0.92195 -1.5507 0.41693 -0.5723 0.13277 0.8481 1.8553 0.26728 -0.083893 0.64485 0.18385 0.8068 -1.2452 0.36234 -1.0292 0.070205 -0.17152 0.22923 0.19038 -0.23268 0.037757 0.99987 -0.19203 -0.77256 0.51456 -0.70868 0.27899 0.35239 0.13707 0.4608 0.19259 -2.0339 0.027623 -0.85787 -0.34011 0.021531 -0.27575 0.72618 0.38113 -0.24144 0.76632 -0.071001 0.47495 -0.073499
finch -0.077903 0.84181 -0.52002 0.41628 -0.091852 -0.89515 -0.83712 -0.20764 -0.20947 -0.016581 -0.35932 1.0184 0.73984 -0.30595 -0.29866 -0.083612 0.028595 -0.76482 -0.56517 0.68531 -0.93966 0.31626 -0.12667 0.11978 0.19519 -0.17982 0.27946 0.015776 0.39692 -0.71127 0.12792 -0.97301 0.31119 0.20341 0.0036277 -0.7636 0.13155 -0.60581 0.051057 -0.28825 0.80123 0.1399 0.74006 -0.1049 0.34352 -0.16463 -0.0086146 -1.6143 0.18266 1.3376
pigeon 1.0844 -0.077032 -0.67491 -0.47128 -0.11877 0.66761 -0.96149 -0.4108 0.48166 -1.1282 -0.082496 -0.021235 1.0679 0.26211 -0.89922 0.2031 0.65306 0.26205 -0.85866 -0.39914 -0.37775 -0.60284 -0.15242 0.52232 0.41572 -0.38463 -0.73669 0.51469 -0.5039 -0.9088 -0.0021857 0.093096 -0.36724 0.88809 0.42938 -0.32352 -0.00069266 0.0071982 0.091809 -0.55796 0.010643 -0.5437 0.14252 0.30659 1.569 -0.23822 0.38993 -0.67778 0.9645 -0.32616
parrot 0.89896 -0.83413 -1.2935 -0.16621 0.74272 0.22436 -0.71655 -0.8758 0.90983 -0.39252 0.59841 0.71412 1.7031 0.22926 0.30447 -0.23914 -0.33619 0.019467 -0.63332 -0.14014 -1.5712 0.042674 -0.016491 0.16081 0.43581 -0.25596 -0.22224 0.647 -0.56614 -0.44331 0.0085787 -0.5729 -0.17573 0.60776 -0.41806 0.14645 0.029666 -0.6182 -0.16481 -0.74397 0.37756 0.56168 0.052964 0.22831 0.58802 0.22718 -0.087574 -0.89636 0.16088 -0.34649
ostrich -0.1725 -0.42805 -1.3706 -0.42428 0.13257 1.2734 -0.67648 -1.1656 0.8338 -0.64379 0.35855 -0.07431 1.3743 0.44244 0.055275 0.70556 1.1008 0.69316 -0.52559 -0.70428 -0.14079 -0.53365 -0.043209 -0.33522 -0.23105 -0.072789 -0.2821 1.0817 0.2407 -0.22746 0.24539 0.3187 0.024645 1.5928 -0.53474 -0.03693 -0.5465 0.13629 0.34543 -0.06101 -0.34294 0.083215 0.35759 0.54237 1.3276 -0.44586 -0.13884 0.22156 -0.068791 -0.27358
flamingo 0.39718 0.67911 -0.78887 0.76681 -0.17142 -0.20702 -0.4162 -0.6428 0.1868 0.76093 -0.43854 0.27815 0.60204 -0.30829 0.52213 0.23659 0.33594 0.53182 -0.6757 0.28837 -0.12096 0.025288 -0.58152 0.11645 -0.97404 0.18964 0.27011 0.78447 0.48942 -0.7628 -0.37332 0.093336 -0.05424 0.71337 0.061193 -0.59086 -0.19438 -1.156 -0.20679 -0.61043 -0.67012 0.020224 0.18655 0.36631 -0.36831 -0.67026 -0.37819 -1.4602 0.46837 -0.060869
