12 50
china -0.22427 0.27427 0.054742 1.4692 0.061821 -0.51894 0.45027 -0.32164 0.57876 -0.049142 0.52523 -0.18784 0.52539 -0.058431 0.19741 0.30754 -0.45412 0.38268 0.33441 0.42801 0.98406 -0.7637 -0.066755 -1.0027 1.1942 -2.3916 0.24326 -0.40705 -0.63413 -0.20832 3.8851 0.75046 0.14857 0.24485 -1.0143 -0.76356 -0.63824 0.73037 -1.2025 0.18932 -1.2139 -0.55377 1.3033 -0.82461 0.9965 0.15117 -0.65753 0.28569 0.45374 -0.85646
france 0.66571 0.29845 -1.0467 -0.66932 -0.78082 -0.00013007 -0.17931 0.3711 -0.18622 -0.40535 0.98644 -0.60545 -0.94571 -0.69207 0.56681 -0.3861 0.027634 -1.2464 -0.73561 -0.52222 -0.061766 0.16771 -0.37462 0.4225 -0.63095 -1.636 -0.25094 0.04495 -0.39758 0.98099 2.6293 0.8348 -0.77338 0.39402 -0.57976 -1.029 -0.26709 0.98714 -0.51029 -0.42477 1.3956 -0.029347 2.2295 -1.7079 0.025562 0.6906 -0.579 -0.17824 0.42916 -0.5394
america -0.13124 0.46555 -0.10921 0.18759 0.073319 -0.40072 -1.1418 -0.52592 0.20455 0.22532 0.19891 0.21863 -0.14053 0.026534 0.35482 -0.27559 -0.14433 0.14208 -0.23811 -0.0045941 -0.14462 -0.10607 -0.23974 0.44399 -0.033788 -1.774 -0.97388 -0.33887 0.29913 -0.21471 2.9346 0.47296 -0.069746 -0.42937 -1.0228 -1.1021 -1.149 -0.39353 -0.46068 -0.63748 -0.38899 -0.50266 0.9211 -0.40483 -0.19845 0.9402 -0.59246 -0.33818 -0.54872 0.41818
england -0.36165 -0.10607 -1.1168 -0.6727 -0.16521 0.068828 -1.1727 0.71667 0.16573 -0.75759 -0.14659 0.35785 -0.69141 -1.2047 0.15224 0.63566 0.87442 -0.61517 -1.7471 0.35292 0.022251 0.3899 0.020703 0.74169 0.0024097 -1.3529 0.58844 -0.4297 -0.5174 0.62258 2.8153 0.30152 0.78742 -0.079597 0.98699 0.27603 0.48672 0.59211 -0.36804 -1.2057 0.36812 -0.11797 -0.040688 0.16183 -0.20407 1.8425 -0.39529 -0.37771 0.13959 -0.77836
canada -0.72491 0.40524 -0.35895 0.65977 -0.27592 0.60496 -1.217 0.14638 0.85096 -0.74799 1.0267 -0.0491 0.40083 -0.11647 0.14594 0.32253 0.38807 -0.72773 -1.0039 -0.015682 0.66613 -0.30068 -0.01085 0.57758 -0.26283 -1.3647 0.17607 -0.54651 -0.40292 -0.14113 2.3757 0.60026 0.072329 -0.4139 -0.30918 -1.166 -0.15287 -0.18237 -0.075067 -0.30076 -0.073329 -0.19173 1.1995 -1.1107 -0.57754 1.011 -0.81894 -0.11035 0.015073 -0.03693
italy 1.7704 -0.77758 -0.95302 0.329 0.040391 -0.086352 -0.096326 -0.14525 -0.85415 -0.091315 0.71825 -0.8378 -0.71724 -0.30078 1.2588 -0.72728 -0.26415 -0.17469 -0.57705 0.335 -0.51533 -0.43223 -0.80174 0.94644 0.0098356 -1.3264 0.59604 -0.12843 -1.0187 0.25605 2.6086 0.87975 -0.30444 0.31701 -0.66136 -0.15968 -0.28717 1.4486 -0.6017 -0.64794 0.37924 0.18643 1.2729 -1.2207 -0.20923 1.1948 -0.18 -0.35325 0.44488 -0.83675
spain 1.1595 0.21344 -0.36298 1.0122 -0.18473 -0.30199 -0.35055 0.8532 -0.71617 0.35008 1.1401 -0.58245 -0.33837 -0.36144 1.1036 -0.85338 -0.37948 -1.2075 -0.44249 0.10017 -1.0162 -0.76619 -0.6012 0.76406 -0.20989 -1.0587 0.4871 -0.63722 -0.35631 0.30415 2.6428 0.52948 -0.64095 0.11115 -0.44187 -0.54406 -0.67595 0.69745 -0.37146 -0.19252 0.54152 0.29873 1.4091 -1.291 -0.57823 0.52369 -0.44592 -0.61992 0.56161 -0.94449
argentina 0.30309 -0.24835 -0.62801 1.068 -0.68397 -0.84683 -0.24429 0.69909 -1.1685 1.0031 1.0191 0.10211 -0.079516 -0.13184 1.1001 -0.91619 0.016927 -0.8497 -0.2852 0.28059 -1.1384 -0.78769 -0.43732 -0.061458 -0.39915 -0.76221 1.0491 -0.13895 -0.38365 -0.27953 2.5542 0.17744 0.011827 0.29512 -0.5911 -0.4105 -0.78927 0.40803 0.30279 -1.2068 -0.37791 -0.034194 1.8297 -1.5049 -0.38398 0.6953 -0.2524 -0.34135 0.60223 -0.84916
switzerland 0.79869 0.33264 -0.91059 0.45683 -0.2667 0.70403 -0.41156 0.50774 -0.1844 -0.42769 1.1319 -0.96273 -0.79635 -0.10553 1.5255 0.13742 0.57205 -1.1546 -0.46592 0.61952 0.10267 -0.42356 -0.58459 1.0209 -0.63405 -1.1638 0.28353 -0.035803 -1.0052 -0.39756 1.6263 0.24798 0.11435 0.39505 -0.8008 -1.129 -0.15443 1.1941 0.44104 -0.067363 0.46842 -0.3743 2.289 -0.46953 -0.22216 0.093308 -0.26906 -0.043028 -0.10183 -0.77533
norway -0.19114 0.23106 -0.48758 0.21964 0.29405 1.3024 -0.6612 0.57164 0.46737 -0.94885 1.3151 -0.52541 -0.1717 -0.33167 0.6178 0.5718 1.6381 -0.29936 -0.90686 0.86231 0.82501 -0.59277 0.17933 0.67591 0.54459 -0.99754 0.055245 -0.37603 -0.43805 -0.05424 1.4531 0.72883 -0.4747 1.1558 -0.23406 -0.51622 -0.029749 0.61013 -0.11118 0.67288 0.14379 -0.29918 0.4844 -1.5894 -0.70701 0.52108 -0.59593 0.86088 -0.12518 -1.3032
denmark 0.054976 0.10817 -0.50324 -0.019769 0.24695 1.1584 -0.26947 0.0031433 0.13016 -0.89177 1.217 -0.63195 -0.32401 -0.5139 0.87985 0.75084 0.84651 -1.0341 -0.87887 1.0882 0.49265 -0.59829 -0.048051 1.0969 0.20229 -1.2686 0.29324 -0.49264 -0.96397 -0.13358 1.4462 1.1363 0.082198 0.58515 -0.8055 -0.36287 0.44576 0.77141 -0.80198 0.08235 1.032 0.031318 0.88945 -1.2146 0.049257 0.85534 -0.5116 0.13401 -0.23439 -1.0067
finland -0.42922 0.44774 -0.01432 0.70618 -0.37404 1.3434 -1.0956 0.61039 -0.18392 -0.74518 2.0268 -1.1603 -0.19356 -0.025745 0.18311 0.15701 -0.38501 -0.24808 -0.13685 0.33002 -0.26976 -0.54004 -0.39968 0.71358 0.70703 -0.49809 -0.076159 -0.14174 -0.37686 -0.45351 1.5626 1.1449 -0.17127 0.61398 -0.42494 -0.83716 -0.16907 1.1466 -0.22342 0.57148 0.17596 -0.81111 1.0172 -1.8068 -0.60366 0.78446 -0.21203 0.91585 0.032117 -1.1573
