12 50
rose -0.80901 0.2091 0.85659 0.18123 1.0849 -0.075861 -0.82726 -0.96318 -0.40827 0.45425 0.4642 -0.58634 -0.014735 -1.0625 0.39668 0.19313 -1.2619 -0.35233 -1.019 -0.63384 1.2078 0.18914 0.055527 -1.117 -0.7025 -0.58161 0.064159 -0.030037 -0.1067 0.44689 2.8481 0.12098 1.2057 0.93686 0.48936 -1.5921 -0.87753 -0.32164 1.0237 -0.70042 -0.54317 0.1281 0.54337 -0.86638 0.065663 0.017083 -0.12465 -0.61839 0.14818 -0.032635
lotus 0.49039 0.54051 0.19166 1.1993 0.96783 0.23106 -1.1285 -1.3656 0.24708 0.25141 0.54905 0.67315 -0.87947 -0.49989 0.21962 -0.14108 -0.6788 1.042 -0.0084049 -1.244 -0.27751 -0.36699 -0.14744 -0.47265 -0.0030021 0.53474 0.078308 -0.057631 -0.69093 -0.48553 1.0019 -0.36619 -0.7118 1.0765 0.30502 -0.72161 -0.4662 0.2392 0.20114 -0.36447 -0.024738 -1.649 -1.0953 0.26672 0.83658 0.02426 0.27476 -0.48403 -0.090026 -0.72758
lily 0.35407 0.92408 -0.77527 0.12943 0.26799 0.9346 -0.96074 -0.21686 -0.046376 -0.268 0.21572 1.0139 0.82339 -0.48782 0.7892 0.5051 0.30677 -0.065129 -0.047157 -0.10245 -0.20519 0.19144 0.31196 -0.19343 0.84063 -0.13091 0.084046 0.44615 0.13113 -0.99529 0.36155 -0.04582 -0.37129 0.0021822 -0.19499 0.35496 -0.28766 -0.36264 0.48258 -0.53642 -0.2128 0.57801 -0.80251 -1.147 1.0087 -0.72363 0.50151 -1.4381 0.028829 0.28803
poppy -0.16948 -0.81013 -0.24033 0.16811 -0.041146 -0.16017 -0.35997 -1.1719 1.7951 0.61709 -0.20083 -0.84835 0.47832 -1.8879 0.66895 0.039633 0.96924 0.38917 0.73015 0.27287 -0.83229 -0.79529 1.0978 -0.6257 -0.55876 -0.033524 0.19275 0.13449 0.85839 -0.10543 1.0912 -0.53059 -0.96932 0.76463 0.41523 0.58899 -1.0807 0.73004 -0.56403 -0.22172 -0.88561 0.04568 -0.37877 -0.9793 1.3996 -0.4258 -0.10113 -0.71459 -0.41534 -0.47244
iris 0.56571 0.69229 0.43344 0.24142 -0.030086 0.51508 -0.40592 -0.79099 0.18413 -0.32301 0.92027 0.46416 1.0483 0.028631 0.13063 0.3183 -0.96652 -0.077987 -0.29189 -0.10118 -0.98019 0.092304 0.065802 -0.58923 0.44482 -0.21061 -0.40139 0.42741 -0.64056 -0.919 -0.038094 -0.37742 0.0085135 -0.61242 -0.5828 0.064099 -0.11925 -0.54904 0.80433 -0.63108 0.51365 0.78037 0.12836 -0.78288 0.061629 -0.54098 0.87084 -0.75064 -0.18496 -0.020005
daisy 0.67433 0.37924 -0.47569 0.81905 0.087754 1.2541 -0.47408 -0.43882 -0.12713 -0.31453 -0.10467 0.62076 0.16848 -0.38099 0.17539 -0.056769 -0.52778 0.59975 0.0066791 -0.27106 -0.49182 -0.83876 0.45551 0.89462 0.53847 -0.53315 -0.45447 0.079983 0.22197 -0.65328 0.068348 -0.29531 -0.29581 0.82833 0.052691 -0.62453 -0.6953 -0.073386 -0.08299 0.48562 0.0042856 0.47188 -0.84724 -0.40844 0.81119 -0.60017 -0.029125 -1.8681 0.096692 0.43225
violet 0.25746 1.3076 -0.53377 -0.27601 0.29386 1.2939 -0.10387 -0.38171 -0.85667 0.22008 0.77394 0.44698 0.89805 -0.21469 -0.19627 0.76326 -0.59596 -0.20818 -0.41109 -0.54713 -0.6394 0.088635 0.44761 -0.28647 -0.097682 0.069301 -0.1038 1.0138 0.36488 -0.235 -0.03173 0.08522 -0.23338 -0.34724 0.11444 -0.37206 -0.15516 -0.17215 0.25622 -0.48922 0.39944 0.45787 -0.3213 -0.90948 0.59331 -0.24182 0.26164 -1.7182 0.038656 0.096534
orchid 1.0091 0.4436 -1.7805 1.2463 0.49676 -0.078867 -0.24767 -0.54924 1.2192 0.42773 0.28107 0.18934 2.1258 0.15737 0.7238 -0.4387 0.10807 0.94163 -0.95177 -0.40427 -0.23412 -1.0003 0.065844 -0.033187 -0.1838 -0.028463 -0.4743 0.19797 -0.22204 -0.26455 0.19444 -0.74734 -0.20557 0.29108 -0.25439 -0.34299 -0.91567 -0.30925 -0.10699 -0.84967 -0.56698 -0.52559 0.21367 0.20653 1.5978 -0.24356 -0.02025 -1.5603 -0.12592 -0.20034
sunflower -0.75338 0.02752 -0.17116 0.68429 0.64611 -0.25214 -0.02077 -0.26644 0.50576 0.27036 0.20284 -0.10682 1.4669 -0.86807 0.076969 -0.045789 0.0070496 0.62223 0.14279 -0.06074 -0.27494 -1.7817 0.96768 -0.29187 -0.35545 -0.061971 -0.17746 0.2211 0.65445 -0.67807 0.24503 -0.57982 0.04195 0.46222 0.22176 0.38378 -0.94886 0.34689 0.56288 0.032767 -0.16052 -0.63335 -0.18134 -0.4583 1.2131 0.58081 0.01724 -0.60325 -0.47562 -0.62412
tulip 0.75228 0.12911 -0.4397 0.25424 0.32608 -0.22023 -0.22993 -1.1226 -0.58336 -0.080078 0.22211 0.21047 0.55497 0.2203 -0.1812 0.56225 -0.38556 0.26122 -0.39633 -0.63741 -0.27604 -1.6866 -0.093856 -0.16585 -0.078561 0.27507 -0.66177 -0.039491 -0.31889 0.53416 -0.16747 0.41051 -1.0624 0.9617 -0.89872 -0.57831 -0.9025 -0.12005 -0.071522 0.071832 -0.24078 -0.12304 -1.5245 0.069337 1.3921 0.55439 0.23221 -2.0888 -0.33073 -1.0873
dandelion -0.027451 0.35451 -0.83709 -0.25578 -0.57382 0.46541 -0.31491 -0.092016 -0.34516 0.047732 -0.21201 0.15913 0.63376 0.12996 0.024761 -0.3947 0.36689 0.8079 0.46873 -0.83967 -0.5443 -0.57662 0.9758 0.51198 0.47642 0.88523 -0.6496 1.1355 -0.077514 0.17903 -0.20013 -0.11745 -0.47259 0.82479 -0.58594 0.1303 -0.55253 0.26778 0.71864 -0.63732 0.51251 -0.85869 -0.75779 -0.22106 1.4979 0.44876 0.0037216 -0.1664 0.75939 -0.491
petunia 0.44708 -0.19459 0.0055426 0.74435 -0.12874 0.84338 0.66835 0.16065 0.1732 0.47827 -0.48224 0.85526 1.229 -0.54028 -0.038072 -0.51022 -0.75435 0.75583 0.77846 0.57537 -0.60936 -1.0972 0.81618 -0.50798 1.0886 0.35446 -0.11752 0.17534 0.734 -0.86366 -0.85992 -0.13201 0.13872 0.9123 -0.077421 0.25723 -0.26723 0.046392 -0.18114 -0.052318 -0.62415 0.072145 -0.98401 -0.49331 0.62706 -0.35037 -0.0066265 -1.2064 0.2505 0.42979
