12 50
cheese -0.053903 -0.30871 -1.3285 -0.43342 0.31779 1.5224 -0.6965 -0.037086 -0.83784 0.074107 -0.30532 -0.1783 1.2337 0.085473 0.17362 -0.19001 0.36907 0.49454 -0.024311 -1.0535 0.5237 -1.1489 0.95093 1.1538 -0.52286 -0.14931 -0.97614 1.3912 0.79875 -0.72134 1.5411 -0.15928 -0.30472 1.7265 0.13124 -0.054023 -0.74212 1.675 1.9502 -0.53274 1.1359 0.20027 0.02245 -0.39379 1.0609 1.585 0.17889 0.43556 0.68161 0.066202
bread -0.37436 -0.11959 -0.87609 -1.1217 1.2788 0.48323 -0.53903 0.053659 -0.23929 -0.12414 -0.42583 -0.27509 1.139 -0.014324 0.47665 -0.083337 0.15226 0.25682 0.67657 -0.83238 0.88473 -0.83593 1.0244 0.79069 -0.27765 -0.10789 -0.69624 0.66464 1.7969 0.12674 2.2994 0.11488 -0.46407 2.3384 -0.50165 0.38362 -0.90069 1.1488 1.1098 0.33288 1.0195 0.24056 -0.77281 -0.18051 0.9214 0.97842 -0.23098 -0.10138 -0.51135 -0.18633
chocolate 0.089859 0.5691 -0.91323 0.34064 0.7763 1.3755 -0.6681 -0.322 -0.061527 0.81761 0.1773 -0.24408 1.1812 0.65863 0.77332 0.40388 -0.31354 0.35177 -0.10074 -1.6919 0.70704 -0.14594 0.93264 0.4056 -0.49499 0.16782 -1.5197 1.0247 1.282 -0.33623 1.2153 -0.065825 -1.2306 1.4039 -0.16776 -0.40948 -0.92448 0.99141 1.5194 -0.54659 0.93013 0.17938 -0.17086 -0.42733 0.75439 1.4537 -0.098187 -0.59428 -0.19965 -0.49592
butter -0.77535 0.29164 -0.33536 -0.56298 0.57174 1.3574 0.058615 -0.2202 -0.53043 0.024251 -0.055616 0.15216 1.0172 0.46077 -0.14986 0.18378 0.02697 0.4355 -0.13503 -1.3016 0.85571 -0.83619 1.9731 0.34593 -0.31544 -0.16292 -0.11729 1.2068 1.8968 -0.10691 1.6102 0.17944 -0.84146 1.3407 -0.47145 -0.10537 -1.0032 1.2085 1.6432 -0.087364 1.3014 -0.093204 -0.029621 -0.59371 0.72136 2.0046 0.056849 0.057133 -0.39485 -0.24134
ham 0.4181 -0.21089 -0.42664 -0.079781 0.2984 -0.38858 -0.80731 0.4395 -0.62679 0.1573 -0.25455 0.92615 -0.10435 -0.4273 -0.34047 0.38916 0.88863 -0.2734 -0.90749 1.3345 -0.53702 -0.73894 1.0047 0.70796 -1.0142 -0.86018 1.0075 0.74343 0.083276 -0.7454 1.2721 0.43089 0.23145 1.6286 0.64579 0.6458 0.64275 0.90349 0.33338 -0.91681 1.4621 0.52261 -0.94119 -0.2628 0.98946 1.2014 -0.43316 0.34078 0.55964 -0.042137
soup 0.064182 -0.20716 -1.334 -0.070352 0.8633 0.023535 -0.45014 -0.18611 -0.26924 -0.098892 -0.27559 0.81626 1.4663 0.91724 0.42114 -0.26142 -0.49323 0.49071 0.067981 0.10664 0.44139 -0.80581 1.2474 0.45016 -0.16514 -0.11274 -0.46502 0.56865 1.2117 -0.11517 1.8522 0.17022 -0.1309 1.6125 -0.53487 1.0411 -0.92274 0.81624 1.2088 -0.12147 0.48685 0.1246 -0.501 0.35694 1.3955 1.1021 0.26785 -0.11503 0.1232 0.27487
salad 0.42899 -0.075563 -1.5732 0.40529 1.4311 -0.16105 -0.16811 0.05283 -0.5092 -0.62755 -1.1946 0.78427 1.1034 0.92482 -0.0096382 -0.22547 0.17674 0.05332 0.52151 -0.31472 0.22521 -0.68335 1.7797 0.60436 -0.33033 0.0454 -0.5276 0.83928 0.67293 -0.17978 1.4744 0.15391 -0.89607 2.0476 0.96887 1.2054 -1.1099 1.5435 1.0996 0.37423 -0.0029887 1.2147 -0.68364 -0.52773 1.2848 1.3737 0.2323 0.10291 1.0067 0.2322
pasta 0.79324 -0.26557 -1.1389 0.25356 0.22545 -0.23116 0.30607 0.18377 -0.68702 0.15423 -0.53931 0.67861 1.0955 0.77141 -0.0005578 -0.33271 -0.10157 0.89059 0.27152 -0.74114 0.82201 -0.86 1.6333 0.28069 -0.17785 0.16035 -0.15647 1.16 1.1257 -0.29751 1.4748 0.1016 -0.48387 2.2418 -0.13545 0.5701 -0.82539 2.337 0.85614 0.2931 0.86652 0.53154 0.038039 -0.017194 0.7694 0.69977 -0.083494 0.14356 0.55204 0.58175
steak 0.39594 -0.37412 -1.6884 -0.41113 0.85717 0.73081 0.11682 0.46436 -0.10232 -0.52428 -1.0331 0.051371 0.93981 0.96951 0.2395 0.43697 0.7754 -0.15809 -0.41777 -0.41647 0.34529 -0.6583 0.23803 1.0044 -1.5096 -0.36558 -0.29781 1.0855 1.0658 -0.62572 0.89317 0.29259 0.21173 2.4624 0.32407 0.41814 0.17463 0.7009 0.87018 -0.70176 0.56145 0.85559 0.056661 0.43719 1.0933 0.75693 0.20737 -0.26262 -0.30394 1.3945
noodles -0.61209 -0.52197 -0.49556 0.64026 0.20163 -0.23108 0.17922 -0.42784 -0.18986 -0.031821 -0.21559 0.89 2.1525 0.6699 0.41601 0.65155 -0.41311 0.91233 0.19059 0.28353 1.3424 -0.50875 2.2305 -0.1121 0.53118 0.15946 0.06037 0.76945 1.4008 -0.43625 1.0377 0.41717 -0.0045326 1.9686 -0.41184 1.3858 -0.55224 1.4688 -0.0016206 0.014634 0.71605 1.1074 -0.47406 -0.067791 1.1822 0.66212 -0.029155 0.058486 0.28353 -0.27456
yogurt -0.10136 0.47863 -1.2343 0.66863 0.24554 1.0711 -0.27806 0.14194 -0.18084 0.67779 0.63179 0.21606 0.95875 -0.065592 0.32699 0.53533 -0.52689 0.99971 1.1127 -0.37582 0.56527 -0.47669 1.5912 1.4045 -0.78149 0.25131 0.19062 1.5436 1.4333 -0.078454 1.1747 0.57677 -0.074755 1.8033 0.27391 0.22241 -1.1542 1.0357 1.1248 0.18389 0.81158 -0.39049 -0.22423 -0.121 0.71414 0.74637 -0.36462 0.47096 0.83941 -0.36009
spaghetti 0.27641 -0.75569 -1.4216 0.086128 -0.59157 0.014597 0.88348 -0.50365 -0.5231 0.18284 -0.63056 1.0057 0.20742 0.82835 0.61957 -0.27353 -0.18463 1.3742 0.2041 0.42602 0.545 -0.29847 1.253 0.84489 -0.33214 -0.43106 -0.34053 1.1514 1.1369 -0.99737 1.0316 -0.026007 -0.0811 2.1924 0.41586 1.5967 -0.42916 0.96886 -0.15935 0.11707 0.18876 1.2632 0.057719 -0.429 -0.062286 0.57442 0.63041 -0.58856 -0.23112 -0.084114
