12 50
fly 1.0537 -0.014709 -0.03805 -0.13993 0.19326 -0.4687 -1.0596 0.27514 0.76406 -0.43631 0.6427 0.64749 0.184 1.1501 0.16316 0.32705 0.37814 -0.29703 -1.4403 -0.57214 -0.52559 0.075967 0.063498 0.29643 0.41101 -1.3983 0.66589 0.24757 0.78231 -0.91245 2.1465 0.81745 -0.72006 0.76844 0.4031 -0.34323 0.52003 -0.055061 -0.78433 0.86388 -0.053273 0.50298 0.81294 0.0093394 0.013265 -0.04093 0.11594 -0.41554 -0.73871 0.2678
butterfly -0.044005 0.77475 -0.77523 1.4307 0.13771 0.45879 0.56295 -0.50569 1.657 -0.75087 -0.049541 -0.52203 0.8091 0.16592 1.1114 -0.52922 0.40712 0.053937 -1.6479 -1.148 -0.82796 -0.43042 0.23661 -0.11981 1.1127 -0.33138 -0.25964 0.082442 -0.86581 -0.36848 0.66796 -0.32274 -0.11277 0.4898 -1.195 -0.38779 0.65561 0.67454 -0.65664 -0.669 0.45747 -0.26985 0.63983 0.69449 0.73995 0.12497 0.16706 -2.0722 -0.14311 -0.46015
bee 0.55155 0.75707 -0.34582 0.32797 -1.2097 -0.22715 -1.1886 -0.34149 0.81989 0.35323 0.1162 0.93631 1.0102 0.61367 -0.096352 0.35296 -0.25214 -0.59074 -0.44995 1.0245 -0.67902 -0.88719 1.8099 0.49775 -0.13206 -1.0003 -2.0955 0.23007 -0.83712 -0.63199 0.52696 0.4677 -0.082436 0.73422 0.46072 -0.25125 -0.13558 0.15205 0.68488 0.22456 -0.63451 0.74122 -0.96944 0.22064 1.0687 -0.38995 0.13884 -0.66657 0.47435 0.56938
spider 1.5571 -0.36854 -0.37088 0.79536 0.61302 1.2405 0.30348 -0.95586 0.74379 0.017631 -0.079772 0.94814 0.04627 0.7222 0.62982 -0.23707 0.073105 0.76289 -1.2387 -0.46246 -0.58145 -0.31571 0.84257 0.040631 0.28532 -0.20776 -1.0343 0.27061 -0.030634 -0.7432 0.66654 -0.307 0.007684 0.70234 -0.41805 0.27018 -0.5 -0.35085 -0.13808 -1.1676 -0.24687 0.036473 -0.15502 0.22894 0.51685 -0.13607 0.62216 -1.8953 0.12212 -0.19293
beetle 1.2942 -0.48913 -0.47901 0.46527 0.75218 0.94848 -1.2685 -1.5951 0.44514 -1.3466 0.41216 0.54605 0.26267 -0.60861 1.0049 0.32237 -0.20717 1.4104 -1.1669 -0.76585 -1.424 -1.6105 0.17956 0.54347 0.14673 -0.38277 -0.34971 1.2056 0.58435 0.49863 0.011626 -0.68191 -0.40848 0.51971 0.021335 0.11332 -0.82574 -0.38328 -0.46684 -0.78338 0.039894 -0.85991 -0.41208 0.1852 1.4854 0.35313 0.3419 -0.61322 0.64462 -0.47571
roach 0.066868 -0.96603 -0.20977 0.029706 0.1157 -0.36771 -0.30334 -0.26687 0.21876 0.41836 0.16828 1.5788 -0.55022 0.05683 0.27897 0.17127 0.41736 0.69653 -0.72013 -0.33707 0.041171 0.47197 0.68347 -0.13663 0.19617 0.078984 0.31682 -0.16402 -0.18483 0.0025264 0.4697 -0.79582 0.74417 0.48348 0.22243 -0.36808 0.098782 -0.56355 0.38526 -0.30558 -0.28406 0.42071 -0.53695 0.028188 0.41619 -0.13776 0.065805 -1.2818 -0.75649 1.1617
ant 0.6734 -0.48774 -0.5861 0.32338 0.56756 0.23663 -0.64305 -0.53961 -0.0099409 -0.80632 0.35767 0.9699 0.67127 0.40689 0.1089 0.35832 0.74568 0.28874 -1.1524 0.41785 -0.42827 -0.63627 0.60103 0.97918 0.087392 0.20913 0.079497 -0.14906 0.47589 0.14898 0.62786 -1.0231 0.034738 0.2563 -0.48078 0.52082 -0.15008 -1.1917 0.19115 -0.15885 0.28865 -0.59585 -0.60087 0.61836 1.7035 -0.041247 0.26282 -0.80837 0.42369 0.10184
flea 0.82817 -0.86029 -0.78631 -0.50112 -0.028046 -0.99556 -0.97904 -0.57661 0.71361 0.51441 0.42819 0.31146 0.70252 0.44865 0.51413 0.45316 -0.15208 -0.0286 -1.0655 -0.36227 0.31343 -0.82569 -0.26862 1.1549 -0.65179 0.12046 -0.53067 0.57456 0.65694 -0.2722 0.27933 0.13845 0.87052 0.43562 -0.33462 0.48242 -0.26847 -0.36995 0.63343 -0.11411 0.3159 0.64413 -0.47742 0.66614 1.7471 0.22794 0.75875 -0.78919 0.092405 0.25617
wasp 1.7054 0.41781 -0.32113 -0.54733 -0.21599 1.8923 -0.21699 -0.35034 0.39279 -0.8674 0.39514 0.70224 0.042107 0.75404 -0.93862 -0.50321 -0.43318 1.0337 -0.97191 -0.16495 -1.1157 -0.46962 0.32335 0.39226 -0.43884 -0.45681 -0.53817 0.19937 0.047713 0.055721 -0.23299 0.33102 -0.030746 0.72612 -0.16598 -0.34347 -0.47838 -0.28262 0.036154 -0.41113 0.31029 -0.88846 0.099625 0.51741 1.0055 -0.37498 0.12718 -0.91551 -0.45192 0.66662
locust 0.78236 -0.76459 -0.61182 -0.41517 -1.0075 -0.76016 -0.19486 -0.75618 1.0181 -0.82638 -1.2891 -0.61689 0.44531 -0.93573 -0.30989 0.22107 0.51319 0.15534 -0.90731 0.59554 -0.68578 -1.515 -0.024378 0.27344 -0.23622 -0.075403 -0.28006 0.31738 0.3535 -0.10724 0.25512 -0.59331 -0.27852 0.43796 -0.39415 0.17316 -0.54525 -1.1817 0.24054 0.092155 -1.1482 -0.26433 -0.50471 0.11968 1.7999 1.0028 0.94642 -1.0555 -0.25623 -0.47557
firefly 0.94906 -0.65335 0.026222 0.44227 -0.10902 0.10959 -0.34593 -1.1758 0.66868 0.4155 -0.023973 0.82337 0.37945 -0.078002 -0.020142 0.17805 -0.63264 0.83372 -0.6869 0.075415 0.15876 0.033896 0.48269 0.4838 0.18179 0.42306 -0.48167 -0.09457 0.43949 -0.57051 -0.48772 -0.22504 -0.41976 0.036856 0.027068 0.0016147 -0.24029 -0.89397 -0.53574 -0.39435 0.49339 -0.20203 -0.71791 0.012996 0.2046 0.28683 0.65587 -0.60536 -0.37841 0.62771
pupa 1.1268 -0.0051433 -0.55348 -0.26046 0.28461 1.6854 0.38511 -0.084369 0.80064 -0.34143 0.43686 -1.1006 0.59916 1.2391 0.13016 0.42174 0.23838 0.37873 -0.5032 -0.42615 -0.63302 -0.29706 0.68908 0.78472 -0.28543 0.65119 0.012111 1.2254 -0.096837 0.30714 -0.75081 -0.75372 -1.2266 -0.42073 -0.44068 -0.65885 -0.1017 0.20135 -0.35533 -1.3131 0.024884 -0.77769 -0.57517 -0.57881 0.15444 0.15634 1.12 -1.1096 -0.91869 0.17168
