12 50
horse -0.20454 0.23321 -0.59158 -0.29205 0.29391 0.31169 -0.94937 0.055974 1.0031 -1.0761 -0.0094648 0.18381 -0.048405 -0.35717 0.26004 -0.41028 0.51489 1.2009 -1.6136 -1.1003 -0.23455 -0.81654 -0.15103 0.37068 0.477 -1.7027 -1.2183 0.038898 0.23327 0.028245 1.6588 0.26703 -0.29938 0.99149 0.34263 0.15477 0.028372 0.56276 -0.62823 -0.67923 -0.163 -0.49922 -0.8599 0.85469 0.75059 -1.0399 -0.11033 -1.4237 0.65984 -0.3198
dog 0.11008 -0.38781 -0.57615 -0.27714 0.70521 0.53994 -1.0786 -0.40146 1.1504 -0.5678 0.0038977 0.52878 0.64561 0.47262 0.48549 -0.18407 0.1801 0.91397 -1.1979 -0.5778 -0.37985 0.33606 0.772 0.75555 0.45506 -1.7671 -1.0503 0.42566 0.41893 -0.68327 1.5673 0.27685 -0.61708 0.64638 -0.076996 0.37118 0.1308 -0.45137 0.25398 -0.74392 -0.086199 0.24068 -0.64819 0.83549 1.2502 -0.51379 0.04224 -0.88118 0.7158 0.38519
bear 0.57121 0.71624 -0.10722 -0.354 1.0103 0.62455 -0.67356 -0.2966 0.14884 -0.64063 -0.30318 0.78758 0.34078 -0.2071 0.21783 0.6245 0.60284 0.069331 -0.76017 -0.034367 -0.14013 -0.58553 0.20887 -0.42097 -0.18276 -1.4074 -1.3744 0.50943 0.34844 -0.93932 1.7419 0.46836 0.36162 0.051057 0.041189 0.070042 -0.44726 -1.0308 0.27728 -0.65125 -0.80276 -0.29095 0.050477 -0.028209 0.63405 -0.7284 -0.064858 0.0087279 0.13339 -0.061488
cow 0.61253 -0.48167 -0.74199 -0.55203 -0.007596 1.6101 -0.88565 -0.81981 1.5144 -0.22804 0.55367 -0.18392 0.7049 -0.36931 1.0668 1.1077 0.19709 0.24731 -0.68395 0.5475 -0.038255 -0.78989 0.61131 0.31473 0.50215 -1.6535 -0.42782 1.0404 0.29429 -0.36889 1.3148 -0.18443 0.092753 0.77572 -0.54845 -0.14645 0.51128 0.047248 0.41781 -0.18324 -0.44197 -0.25237 -0.3359 0.3096 1.9192 0.3396 -0.27341 -0.01316 0.64974 -0.85857
sheep 0.39026 -1.1357 -0.47646 -1.0185 0.44893 1.4499 -1.5251 -0.97275 1.5137 -0.58559 0.68279 -0.63901 1.6961 -1.233 0.50333 0.6791 1.0007 0.53626 -1.1749 -0.054361 -0.42404 -0.49371 0.43183 0.40727 0.74916 -0.53304 -0.33745 0.11388 0.47025 -0.47616 1.3084 0.1534 0.09754 1.0811 -0.20525 0.14341 -0.080796 0.17984 0.12433 0.12709 -0.31428 0.035969 -0.4609 0.53133 1.4986 -0.22609 -0.46637 -0.54343 -0.27696 -0.75601
deer -0.0014181 -0.012513 -0.11606 -0.32099 0.30832 0.28235 -1.3521 -1.8643 1.1219 -0.83093 -0.16311 -0.025823 1.0296 -0.46624 0.08404 1.2953 1.5536 0.18442 -1.6419 0.53065 -1.1949 -0.90213 1.0302 0.54902 0.10129 -0.83007 -0.54873 0.64926 0.3829 -1.1255 0.68471 0.47026 -0.39548 0.26924 0.76423 0.30521 -0.075649 -0.48568 -0.18858 0.70855 -1.3426 0.69116 -0.50315 0.93529 1.2236 -0.88088 0.36148 -0.8275 0.9807 -0.49068
elephant 0.53238 -0.26987 -0.72294 -0.45325 1.0188 0.31013 -0.67626 -1.3509 1.4854 -0.51832 0.26574 0.10283 0.94469 -0.12249 0.54467 0.38361 1.0307 0.59792 -1.1687 0.45008 -0.74563 -0.2027 -0.36233 -0.084513 0.4107 -0.88857 -0.17601 0.44655 -0.29449 -0.72429 1.1036 0.16668 -0.15839 0.63755 -0.10105 0.8701 0.24232 -0.71078 -0.41333 -0.44293 -0.68612 0.11676 -0.31466 0.1242 1.1761 -0.45089 0.17163 -0.93316 0.3179 -0.85743
rabbit 0.53049 -0.63657 -0.53314 -0.37542 0.28821 1.2374 -0.47467 -1.2037 0.58209 -0.55149 -0.2719 0.70193 0.74694 0.34327 0.65301 0.54077 0.66454 0.47677 -1.0837 0.12478 -0.15093 -0.66961 0.55866 0.60741 0.70239 -0.91675 -0.92081 0.59262 0.0070694 -0.95443 0.69853 -0.13292 -0.061585 1.206 -0.58842 0.43482 -0.19392 -0.19351 -0.07301 -0.85527 0.32885 0.57285 -0.57111 0.10893 1.0902 -0.028394 0.78458 -0.97332 0.36124 -0.056677
beaver -0.063412 0.7207 -0.46973 0.20787 -0.42438 0.7631 -1.2839 -0.27446 0.59075 -1.1562 -0.27634 0.032365 0.6551 -0.48651 -0.14969 0.64335 1.2373 0.63721 -1.2368 -0.034939 -0.09711 -0.95691 0.19264 0.24811 0.041415 -0.38575 -0.68643 0.69635 0.16512 -0.94591 0.33424 0.065084 0.057179 0.2919 0.4014 -0.32474 -0.13916 -0.16141 0.64835 0.30172 -1.106 -0.018952 -0.3966 -0.087567 -0.087784 -0.3601 0.12443 -0.81309 0.2098 0.41644
camel -0.14417 -0.49194 -0.6429 -0.098475 -0.0015894 0.61682 -1.0983 -0.93264 1.8624 -0.59683 0.34774 0.19142 -0.039594 -0.54066 -0.14208 0.0034118 -0.27336 0.74285 -0.9313 -1.1773 -0.24801 -0.038554 0.52436 0.74463 -0.17686 -0.81129 -0.9923 0.45682 0.61241 0.094613 0.34189 0.70487 -0.67365 1.6436 0.40663 -0.38789 -0.62926 -0.20424 -0.95539 0.19019 0.59161 0.29 -0.8821 0.31598 0.47993 -0.29602 -0.15669 -0.99605 -0.17843 -0.54153
raccoon 0.8377 -0.53097 -0.74241 -0.50646 -0.30155 1.3504 -0.85023 -0.75341 0.63258 -0.675 -0.022394 -0.04494 1.4981 0.053834 -0.7372 0.030819 0.40496 0.52905 -0.80132 0.37997 -0.97296 -0.39288 0.66091 0.90532 -0.018059 -0.56458 -0.84065 1.2664 0.33051 -1.6113 -0.46451 0.22542 0.050729 0.53908 0.16457 -0.12503 -0.63635 -0.85457 0.13854 0.041439 -0.36136 0.33373 0.098563 0.046878 0.58772 -0.85561 0.37288 -0.51598 1.0602 0.20472
giraffe 0.8454 -0.20614 -1.1094 -0.38644 0.7915 0.63976 -0.82535 -1.3888 0.72605 -0.29175 0.88466 0.029209 0.93826 0.21106 0.0059474 0.8038 0.35371 0.086044 -0.54181 0.49454 -1.217 0.6138 -0.66195 0.08868 -0.21948 0.61198 -0.3132 0.83538 -0.10864 -0.70175 -0.70622 0.18821 0.15043 0.97725 0.027834 0.10375 0.17843 -0.40562 0.12374 -0.25376 0.20968 0.1656 0.17587 0.44022 0.62472 -0.36059 0.33775 -0.52014 -0.039747 -0.22855
