12 50
line -0.22258 0.089765 0.45857 -0.31071 -0.16944 0.47628 -1.1117 -0.61714 -0.55523 -0.47797 -0.082412 -0.17987 -0.83645 -0.32676 -1.0401 0.45891 -0.16089 -0.038971 -0.55912 -0.16556 0.67514 -0.45279 -0.52069 0.58645 0.20748 -1.7793 0.16833 0.64971 0.66056 -0.92264 3.3746 0.49561 0.088203 0.25232 0.38919 -0.34814 0.065761 0.19821 -0.49345 0.43094 0.57575 0.098592 -0.50967 -0.12002 -1.0424 -0.048299 0.57062 -0.23081 0.37729 -0.41737
round -0.51244 0.37181 -0.26364 0.99462 -0.37948 0.027235 -0.17732 1.0833 -0.31456 -0.46593 -0.61127 -1.1127 -1.1977 0.61233 0.53078 -0.41192 0.41183 -1.0644 -1.2442 -0.64279 -0.40882 -0.34751 0.364 -0.10313 -0.23033 -0.87574 0.48898 -0.071108 -0.18226 -0.43197 3.1387 0.62531 -0.45273 0.71353 0.37931 -0.011962 0.6446 1.2584 -0.48879 -1.1429 -0.17432 -0.39026 0.20802 -0.39155 0.26571 0.70799 0.5553 -0.31012 -0.063959 -0.18801
star -0.21025 1.6081 0.037375 1.0411 0.61061 0.064748 -0.93674 -0.030028 -0.18348 0.73875 0.65025 0.75496 -0.73316 0.95964 0.89172 -0.10495 0.11496 0.30448 -1.4942 -0.036297 -0.95949 0.41062 -0.23896 0.40387 -0.32893 -1.5343 -0.45627 0.109 -0.41474 -0.57094 2.1997 0.47089 0.56732 -0.16914 0.43481 0.40459 -0.007678 -0.22073 -0.33289 -1.0992 0.33632 1.3412 -0.34081 -0.50183 -0.2514 -0.10199 0.19292 -0.48934 -0.41793 0.18085
square 0.58757 0.88152 0.62398 -0.36961 1.2049 -0.33949 -0.099526 -1.4267 -0.50716 -0.5901 -0.89797 -2.1013 0.10816 -1.0414 0.29457 0.35242 0.76798 0.68436 -1.2588 -0.37382 0.76932 0.050303 -0.70036 -0.26569 -0.42484 -0.082767 0.023186 0.96022 -0.20701 -0.65148 2.5441 0.084749 0.15318 0.15437 -0.92624 0.06355 0.7533 0.10222 0.054847 0.62167 0.40819 0.3641 -0.46259 -0.076742 -0.94524 -0.1997 -0.44044 -1.4929 -0.58814 -0.76186
circle 0.031194 1.3965 0.099333 -0.28257 0.698 0.060701 -0.063591 -0.13732 -0.056184 -0.51164 -0.44842 -0.29044 -0.58677 0.96193 -0.87526 0.041329 0.70571 -0.36101 -0.6187 -0.34575 0.33935 -0.1803 -0.019442 0.37123 -0.14978 -0.99516 -0.80352 0.48491 -0.019706 -0.69561 1.9556 0.20836 0.079642 -0.15071 -0.61761 -0.23789 -0.57757 0.24111 -0.17408 0.41456 0.34125 0.15863 -0.41312 0.34164 -0.82359 -0.44607 0.46473 -0.90231 -0.53438 -0.57996
oval -0.078206 1.2948 -0.65575 1.3678 0.15165 0.12515 0.065474 -0.38452 0.24381 -1.3566 -1.1198 -0.83859 -0.39322 -0.18417 -0.23874 0.69147 -0.38029 0.9229 -1.1259 -0.90186 0.079694 0.42139 0.55264 -0.016454 0.6108 -0.33759 1.1032 1.7164 -0.75163 -0.39506 1.1017 0.064696 -0.15832 -0.037581 0.52375 -0.19416 0.8737 1.1804 -1.2296 -0.88266 -0.017793 -0.59275 -0.94067 0.6669 -0.30393 0.7828 0.37316 -0.71625 0.32832 -0.90542
triangle 0.26777 0.39051 -0.80204 0.87605 0.56361 0.62825 1.0976 -0.88538 0.36826 -0.18403 -0.10373 -0.52103 -0.60596 0.22897 -0.79127 0.22233 0.63658 0.54065 -0.55847 0.33736 -0.27757 -0.55417 -0.038542 0.59959 -1.0194 -0.75978 -0.52453 0.93808 0.37005 -1.1082 1.4721 -0.43972 0.037059 -0.051395 -0.17195 -0.16822 -0.70491 -0.40332 -0.40064 0.56881 -0.15365 0.17935 -0.12581 -0.012767 -0.18841 -0.069272 0.90065 -0.79688 -0.52345 -0.36574
circular 0.98274 0.62918 -0.067143 0.27669 0.21611 0.15131 0.87206 -0.71195 0.22029 -0.97396 -0.40337 -0.28856 0.29251 1.035 -0.85468 0.20068 -0.26062 -0.24753 -0.10556 -1.0728 0.29177 -1.0095 -0.2918 -0.28843 0.40449 -0.094278 -0.044784 1.2718 -0.47938 -0.72661 2.4137 -1.0512 -0.010328 -0.061159 -0.73561 -0.025344 0.97658 0.03006 -0.34232 0.5814 0.11486 -0.35974 -0.31133 0.78181 -0.27164 -0.53328 0.77773 -0.33668 0.43804 -0.58127
cylinder 0.53501 0.51619 1.2869 -0.44228 -0.6153 1.5837 0.77163 -0.74072 -0.59075 0.44771 0.35128 0.16073 -0.43567 1.5196 -0.32378 0.0080341 -0.37728 1.537 -0.44858 -2.0515 0.050697 -1.3163 -0.074289 -0.13453 0.1929 -0.46173 0.51555 1.3476 -0.38719 0.38547 1.7052 -0.84175 0.16006 1.0468 1.2382 0.33616 0.95423 0.14869 0.48572 0.44431 0.54502 -0.20186 -0.43291 0.1342 -0.58757 0.40151 0.93869 0.16292 -0.1962 -0.99166
cube 0.47241 0.46435 0.32071 1.0647 1.2126 0.2072 0.77395 -1.3674 -0.16832 0.92468 0.057149 0.28733 -0.671 1.2769 0.42036 0.61325 0.5263 0.76964 -0.15031 -0.4753 0.272 -0.52089 0.65479 0.20171 -0.53058 0.73832 -0.17234 0.84026 0.079738 -0.56916 1.0265 -0.71037 -0.34289 0.5893 -0.19578 0.34948 -0.1744 0.3125 0.47466 -0.24945 0.13311 -0.19648 -1.2203 0.2476 0.24383 0.24405 0.93197 -0.86404 -0.26574 -0.47675
rectangle 0.17831 0.22995 0.050148 -0.14073 1.3976 0.71494 0.84993 -0.9809 -0.25197 -0.7482 -0.68808 -0.97648 0.44356 0.73009 -0.89137 -0.20425 0.79777 -0.021195 -0.094434 -0.79674 -0.60679 -0.8298 0.66631 0.15019 -0.51692 0.79355 -0.19884 1.8897 0.64525 -0.73674 0.86688 -0.83896 -0.36752 0.80659 -0.8004 0.059357 -0.41878 0.43427 -0.059719 -0.22252 0.92324 -0.14785 -0.54237 0.36673 -1.1869 -0.35961 0.94465 -0.4035 -0.29502 -0.65615
ellipse 0.69613 0.64175 -0.41492 0.15957 0.64497 0.393 1.0405 -0.51939 -0.41713 -0.54488 -0.40484 -0.59624 -0.11032 0.82929 -1.0134 0.21556 0.93406 0.095671 -1.0551 -0.33874 0.20279 -0.69032 -0.42833 0.34918 -0.19131 0.53416 0.18168 1.2745 0.054541 -0.075616 -0.44005 -0.49088 -0.25104 -0.40443 -0.89082 -0.71704 0.20996 -0.21584 -0.49317 0.46497 0.33015 -0.36026 -0.6343 0.62902 -0.62999 -0.97237 0.84799 0.047534 0.29226 -0.090686
