12 50
football -1.8209 0.70094 -1.1403 0.34363 -0.42266 -0.92479 -1.3942 0.28512 -0.78416 -0.52579 0.89627 0.35899 -0.80087 -0.34636 1.0854 -0.087046 0.63411 1.1429 -1.6264 0.41326 -1.1283 -0.16645 0.17424 0.99585 -0.81838 -1.7724 0.078281 0.13382 -0.59779 -0.45068 2.5474 1.0693 -0.27017 -0.75646 0.24757 1.0261 0.11329 0.17668 -0.23257 -1.1561 -0.10665 -0.25377 -0.65102 0.32393 -0.58262 0.88137 -0.13465 0.96903 -0.076259 -0.59909
baseball -1.9327 1.0421 -0.78515 0.91033 0.22711 -0.62158 -1.6493 0.07686 -0.5868 0.058831 0.35628 0.68916 -0.50598 0.70473 1.2664 -0.40031 -0.020687 0.80863 -0.90566 -0.074054 -0.87675 -0.6291 -0.12685 0.11524 -0.55685 -1.6826 -0.26291 0.22632 0.713 -1.0828 2.1231 0.49869 0.066711 -0.48226 -0.17897 0.47699 0.16384 0.16537 -0.11506 -0.15962 -0.94926 -0.42833 -0.59457 1.3566 -0.27506 0.19918 -0.36008 0.55667 -0.70315 0.17157
soccer -1.0661 0.72522 -1.0689 0.96838 -0.38738 -0.97275 -1.0004 0.16583 -0.48563 0.050147 0.89009 -0.20057 -0.73149 0.30664 1.486 -0.49356 0.50783 0.96064 -1.3047 -0.10472 -1.0071 0.20752 -0.38318 1.1873 -0.87305 -1.4268 0.058645 0.01228 -0.7275 -0.12289 2.1284 1.4537 -0.3187 -0.2742 -0.28075 0.79159 -0.19887 0.15982 -0.28333 -1.1332 -0.022388 -0.097448 0.2837 0.24491 0.57839 0.78491 -0.21026 0.65929 0.13847 -0.87412
golf -0.50695 1.2516 -0.97775 1.1732 -0.92008 -0.78049 -1.2378 -0.23536 0.089029 -0.34662 -0.75436 -0.41704 -0.91023 -0.23313 0.59862 0.72932 0.77085 1.2865 -0.67962 -0.45301 -0.34519 1.0711 -0.61766 0.59421 0.1466 -0.81916 -0.86074 0.14766 -0.46542 -0.66616 2.0837 0.41402 -0.053764 1.2341 0.95517 0.19039 -0.13464 1.0547 -0.12067 -0.85757 -0.25925 -0.71608 0.42513 1.3469 0.50054 0.017252 0.20064 -0.28727 -0.11569 0.12408
tennis -1.4273 1.3488 -1.012 1.7242 -0.86748 -1.103 0.37083 0.80612 -0.50163 -0.062832 0.30981 -0.69908 -1.197 -0.044018 1.4869 0.50192 0.030093 0.95681 -0.58884 -0.25068 -0.37019 0.63007 -0.71488 1.0407 -0.26764 -1.26 -0.44102 -0.48023 -0.5939 -0.20946 2.0527 0.69733 0.33643 0.53583 0.030302 0.64907 0.36372 1.4427 0.041119 -1.4665 0.41992 -0.38127 0.96818 0.85974 1.0575 0.33251 0.27124 -1.1438 -0.38746 -0.060124
hockey -1.9178 1.2468 -1.0141 0.74138 -0.50693 -0.074934 -1.1668 0.53555 -0.52722 -0.76031 1.3222 0.18061 -0.6563 1.0059 0.53147 0.25406 0.8661 1.2151 -1.8582 0.2757 -0.76282 -0.38983 0.0962 0.92528 -0.7233 -1.369 -0.46969 0.021974 -0.18952 -0.74589 1.5503 1.7448 0.091664 -0.25941 -0.084404 0.58326 0.10975 0.40191 0.17124 -0.068963 -0.35664 -0.32106 0.24118 0.26753 -0.47503 0.67868 -0.27539 0.70799 -0.36436 -0.201
swimming -0.92425 1.525 -0.98415 0.87803 -0.78526 -0.37737 -0.42347 0.20527 0.93878 -0.75074 0.50212 -0.32511 0.04302 0.69984 1.0232 0.18735 0.85498 1.1135 -1.3418 -0.99826 -0.053033 0.68679 0.036397 0.40831 0.5135 -0.48646 0.42186 0.26405 -0.4534 0.052917 1.9609 0.56054 -0.067303 -0.17994 -0.42015 0.72082 0.49424 0.92429 -0.072414 -0.42151 -0.4389 -0.89798 0.95433 1.1724 0.63106 -0.60963 0.13056 -1.3468 0.21276 -0.64331
skating -1.4338 1.7026 -0.84052 0.79409 -0.88765 0.48249 -0.034435 0.41884 -0.38163 -0.64122 0.87647 -0.62467 -1.2305 1.1597 1.1414 0.38984 0.80012 0.94899 -1.0577 -1.1259 0.40478 0.049796 -0.29925 0.55002 0.44281 -0.82542 -0.29 0.33661 -0.65707 -0.3292 1.1623 1.3156 0.010627 -0.053769 -0.61003 -0.1303 0.33544 1.3964 -0.26126 0.050805 -0.48646 -0.50602 0.52548 0.34984 -0.054512 -1.4198 0.6595 -0.13965 -0.15134 -0.14066
cycling -0.38933 0.89354 -1.0592 1.1754 -1.342 0.031441 -0.4248 -0.068872 1.1647 -0.35266 1.2143 -0.98188 -1.4662 -0.13036 0.941 -0.35223 0.36994 0.56289 -0.81493 -1.2587 -0.81847 0.32401 -0.35147 1.3662 -0.040862 -0.78419 -0.48172 -0.14723 -0.89947 0.75675 1.1664 1.0323 -1.0948 0.057268 -0.19503 -0.58765 -0.011273 0.97912 -0.43633 0.03953 0.25188 -0.57764 0.31623 0.48934 0.56387 -0.57728 0.4115 -0.30142 0.63086 -0.6667
volleyball -2.2447 0.97823 -1.3961 1.6718 -0.66153 -0.72474 0.046531 0.30834 0.07221 -0.69771 1.0328 -0.66737 -0.39301 0.42191 0.80365 -0.16388 0.27218 1.2408 -0.70776 -0.33976 -0.83022 0.43759 -0.15841 1.0615 -0.38632 -0.53236 0.0662 -0.35155 -1.0269 -0.45885 1.4431 0.67907 -0.58407 -0.092238 -0.011337 0.90067 0.35164 0.57996 -0.45135 -0.71214 -0.34039 -0.74634 0.90596 0.098394 0.46225 0.29236 0.34103 -0.49596 -0.075349 -0.62227
badminton -1.7092 0.36399 -1.0464 2.1755 -0.3554 -1.043 0.64953 0.46436 0.33071 -0.75288 1.0315 -0.41413 -0.67024 0.45426 1.1102 0.61972 0.093198 0.65911 -0.70247 -0.32327 -0.086315 -0.010542 -0.073478 0.70835 -0.13883 -0.46317 -0.27915 -0.83961 -1.9688 -0.047392 1.1082 0.67673 0.31794 0.4553 0.098444 0.54616 0.5481 0.71717 -0.41543 -0.90274 -0.35898 -0.5958 0.3551 0.70041 1.2406 0.4635 0.51151 -0.54871 -0.065914 -0.87089
snowboarding -0.8378 0.76234 -0.58451 1.3323 -1.1908 0.16121 -0.35978 -1.0485 0.85633 -0.16679 0.63141 -0.60774 -1.0693 0.25589 0.99264 0.91021 0.55525 0.82046 -1.2426 -0.7502 -0.1403 0.77668 0.19537 0.58544 0.71369 0.014346 -0.94058 0.1098 0.11469 -0.018791 -0.059555 1.0367 -0.87267 0.22536 -0.046837 -0.17739 -0.46549 0.90983 -0.86206 0.1532 -0.42849 -0.35086 0.53148 0.59123 0.67547 -0.53848 1.1631 -0.34225 0.048718 -0.45676
