12 50
car 0.47685 -0.084552 1.4641 0.047017 0.14686 0.5082 -1.2228 -0.22607 0.19306 -0.29756 0.20599 -0.71284 -1.6288 0.17096 0.74797 -0.061943 -0.65766 1.3786 -0.68043 -1.7551 0.58319 0.25157 -1.2114 0.81343 0.094825 -1.6819 -0.64498 0.6322 1.1211 0.16112 2.5379 0.24852 -0.26816 0.32818 1.2916 0.23548 0.61465 -0.1344 -0.13237 0.27398 -0.11821 0.1354 0.074306 -0.61951 0.45472 -0.30318 -0.21883 -0.56054 1.1177 -0.36595
van -0.17087 0.14297 0.36079 -1.3526 -0.33302 -0.33758 -1.2928 -0.3998 -0.022559 -0.035292 0.91277 -0.039895 -1.6713 -0.59353 0.98149 0.21053 1.5695 -0.81086 -0.47802 -0.59795 -0.098141 -0.62296 -0.61679 0.79506 -0.036191 -1.2361 -0.54729 0.72239 -0.46239 -0.89198 1.2573 -0.49253 -0.12635 -0.17515 0.35795 -0.18683 1.585 0.95062 0.51241 1.1301 0.33746 1.0408 0.20103 -1.7118 0.75222 -1.0576 -0.22616 -1.1965 1.2248 0.40061
train 0.94971 0.34328 0.84504 -0.88519 -0.72078 -0.29309 -0.74678 0.65122 0.47295 -0.74011 0.1877 -0.38279 -0.55899 0.42952 -0.26984 -0.42383 -0.31236 1.3423 -0.78567 -0.6302 0.91819 0.21126 -0.57442 1.4549 0.75456 -1.6165 -0.0085015 0.0029134 0.51304 -0.47447 2.5306 0.85944 -0.30667 0.057765 0.66231 0.20804 0.64237 -0.5246 -0.053416 1.1404 -0.13703 -0.18361 0.45459 -0.50963 -0.025539 -0.02861 0.18048 -0.4483 0.40525 -0.36821
bus 0.84772 0.070253 0.96791 -0.27164 -0.37617 0.31978 -1.3108 0.091093 0.59919 -0.90217 -0.050876 -0.83886 -0.61596 0.29642 -0.42189 -0.21969 -0.94006 1.2221 -0.66526 -0.57745 0.76126 0.51459 -0.88565 1.5135 0.42326 -1.2947 0.45522 0.67073 0.80188 -0.65449 2.4117 0.62445 -0.046631 0.37524 1.0103 0.25259 1.0913 -0.79427 -0.17027 1.4866 -0.24077 0.021904 -0.01603 -0.44319 -0.13914 0.013311 -0.49432 -0.57696 1.1997 -0.39707
boat 0.96989 0.075746 0.157 -0.10599 -0.6147 0.085639 -1.3175 0.63774 0.84952 -1.0661 0.023076 0.69078 0.49954 0.89659 -0.11993 -0.68484 -0.055934 0.89771 -1.6127 -0.93314 0.34222 0.56598 -0.49005 0.064676 1.27 -1.5572 0.47292 0.36106 0.58891 -0.25283 2.1768 0.029947 -0.45634 1.1527 0.38669 0.26368 0.32151 -0.50073 -0.34753 0.094688 -0.10259 -0.34041 1.2957 0.019886 0.056735 -0.68682 -0.24096 -0.91495 0.73288 -0.95561
truck 0.35016 -0.36192 1.505 -0.070263 0.32708 0.48106 -1.4825 0.07962 0.83452 -0.72912 0.19233 -0.90769 -0.89611 0.33796 0.42153 -0.47797 -0.47473 1.6142 -0.5358 -1.6758 0.64926 0.074053 -0.66378 0.66352 -0.11525 -1.46 -0.31867 0.99803 1.636 -0.11678 1.8673 -0.19582 -0.50549 0.82963 1.3381 0.33233 0.24957 -0.37286 0.2777 0.88405 -0.29343 -0.0033666 0.27167 -1.1805 0.53095 -0.31678 -0.3141 -0.31516 0.96377 -0.55119
taxi -0.055863 0.11616 0.50623 -0.49823 0.20078 -0.12012 -0.79802 0.2022 0.35958 -0.19634 0.29376 -0.35127 -0.26421 0.44698 0.28753 -0.64579 -0.49706 1.1257 -0.28002 -1.1897 0.82997 0.53473 -0.99491 1.3566 0.15149 -1.1467 0.15161 0.27924 0.55638 -0.025998 1.4146 0.6337 -0.14042 0.74758 0.71871 0.018362 0.52529 -0.79505 -0.053899 1.1616 -0.1825 0.69411 0.20508 -0.1741 0.084395 -1.3622 -0.58116 -0.48796 1.3822 -0.093219
motorcycle -0.40433 -0.70754 0.034854 0.43459 -0.62101 0.51905 -0.88346 -0.38552 0.40461 -0.52307 0.74158 -0.75538 -1.2629 0.012462 0.67456 -0.84027 -0.74536 1.8586 -1.2384 -1.4669 0.21366 0.015226 -1.4014 0.87459 -0.096034 -1.2089 -0.96118 -0.10381 0.24119 -0.14591 1.0022 0.1718 -0.29778 0.58212 0.68479 0.42161 0.27533 -0.42427 -0.42255 0.52214 -0.43307 -0.2572 0.075532 -0.10075 0.97778 -1.0443 0.046612 -0.95505 0.77021 -0.87318
airplane 1.2977 -0.29922 0.66154 -0.20133 -0.02502 0.28644 -1.0811 -0.13045 0.64917 -0.33634 0.53352 0.32792 -0.43206 1.4613 0.022957 -0.26019 -1.1061 1.077 -0.99877 -1.3468 0.39016 0.43799 -1.0403 -0.36612 0.39231 -1.3089 -0.82404 0.63095 1.2513 0.10211 1.2735 -0.0050163 -0.39469 0.36387 0.65099 -0.21433 0.52291 -0.079013 -0.14676 0.89248 -0.31447 0.090903 0.78216 -0.10842 -0.3186 0.16068 -0.20168 -0.095033 -0.010109 0.19048
bicycle -0.41716 0.16271 0.18208 0.040874 -0.76743 0.47832 -0.95683 -0.69713 1.3446 -0.59146 0.49005 -0.59504 -0.96514 0.41526 -0.053253 -0.65851 -0.33963 1.4676 -0.51452 -1.5919 0.44235 -0.10577 -1.4277 1.1811 0.2842 -0.92328 -0.2138 0.10129 0.61985 -0.21404 1.3418 0.53977 -0.65476 0.55278 0.38827 0.34769 0.37724 0.45527 -0.30526 0.97048 -0.016631 -0.36535 0.060563 0.33608 0.098575 -0.96056 0.31872 -1.1316 0.91703 -0.65762
tractor -0.098929 -0.84092 1.1082 -0.26244 -0.41957 0.51172 -0.81866 -0.039051 0.57984 -0.81259 0.22796 -0.62604 -0.36989 0.21515 -0.34682 -0.41604 -0.30401 1.8816 -0.24553 -1.4848 0.47031 -0.52632 -0.90958 0.21206 0.4447 -0.6484 -0.12667 0.61465 1.2244 -0.062222 0.70598 -0.53976 -0.30714 1.0124 0.7463 0.62213 0.3322 0.33625 0.058141 0.5329 -0.052329 -0.53548 -0.1129 -0.76054 0.69256 -0.43562 0.11896 -0.87168 0.24706 -0.26417
canoe -0.42669 1.4666 -0.48602 0.87877 -1.3195 0.12077 -1.0869 0.2806 0.44566 -1.7009 0.30971 -0.013066 -0.31105 0.25928 0.50435 -0.30259 0.48839 1.1912 -1.0437 -0.8077 0.25351 -0.19764 -0.33695 0.56039 0.84065 -0.12216 -0.22467 0.16109 0.10973 -0.34503 0.59356 0.2249 -0.72427 1.7932 -0.34639 -0.090861 -0.014038 -0.14302 -0.18982 0.65117 -0.1226 -1.535 0.69726 1.0031 -0.41256 -1.4481 0.45892 -0.83973 0.098749 -1.6053
