12 50
rain -0.20254 0.21883 -0.15896 0.51721 -1.7501 -0.67966 -0.28534 1.1704 0.81655 0.12707 -0.27079 -0.79761 0.67789 -0.52111 0.52794 0.30362 -0.11097 -0.73089 -1.2799 -1.303 -0.67152 0.21641 1.057 -0.82842 1.1664 -0.09637 0.037445 1.0931 1.1897 0.31327 3.039 0.34655 0.24444 0.26882 -0.17778 0.26841 0.3559 -0.088738 0.39478 -0.12047 -0.79954 0.64927 0.055056 -0.48652 0.28933 0.66271 0.19153 -1.1363 -0.114 -0.5977
wind 0.20465 0.13957 0.61922 -0.11125 -1.2909 0.041453 -0.0071437 0.50111 0.30579 0.53658 -0.096206 0.051769 0.585 0.39943 -0.73886 -0.018087 0.57525 0.46354 -1.4922 -1.8647 0.032416 -0.087108 0.34167 -0.82142 1.4041 -0.50637 -0.41899 0.40804 0.70017 0.21769 2.9612 -0.02481 0.25098 -0.034836 -0.38115 -0.4815 -0.020089 -0.21353 0.7775 0.10707 -0.42439 0.12891 0.1161 -0.078719 -0.17193 0.42985 0.29011 -0.96799 -0.53717 0.15817
snow -0.044719 1.3575 0.42372 0.083063 -1.2115 0.27573 -0.90287 0.28193 0.12066 -0.95591 -0.50092 -0.15034 0.44381 0.16912 0.29532 0.88257 0.26583 0.0026311 -1.24 -1.1411 -0.25527 0.14486 1.4263 -0.80217 0.79579 -0.35958 -0.40527 1.4613 1.1313 0.27958 2.1674 0.3177 -0.10946 0.30546 0.10803 0.094701 -0.33773 -0.0098902 0.73014 0.50604 -0.93652 0.71403 0.29732 -0.43021 0.48054 -0.11627 0.20659 -0.6223 0.073763 -0.37068
drought -0.33153 0.22338 -0.51388 0.40727 -1.7321 -0.001406 -0.071636 0.49685 1.2796 0.073781 -0.13374 -0.50327 0.22312 -0.94363 1.0926 -0.012104 0.35931 -0.3504 -0.3845 0.82183 -1.686 -0.78163 0.1298 -1.1785 0.48024 -0.47884 0.38792 -0.041559 1.2619 1.5951 2.5753 0.60826 0.39647 0.39912 -0.24605 1.2488 -0.55668 0.2993 0.83571 -0.12058 -2.0117 0.23152 0.072356 0.13795 0.57238 0.61066 0.23533 0.29491 -0.20523 -0.64847
cloud 0.54407 0.9233 0.50644 0.46454 -0.62015 -0.35166 -0.066969 -0.32835 0.67205 0.0049138 0.36361 0.18752 0.16291 0.65861 -0.10636 0.58783 -0.30707 0.20638 -0.94719 -0.93785 -0.18107 -0.29799 0.25092 -0.4409 -0.063007 -0.70158 0.014457 1.359 0.38286 0.50644 1.8291 -0.47161 -0.20374 -1.3059 -1.0024 0.18628 -0.63307 -0.97026 0.70189 -0.51269 0.26783 0.056107 -0.24677 0.40311 0.037083 0.3094 0.72472 -0.54113 -0.10304 -0.93253
sunny 0.28303 0.82852 -0.79144 0.096621 -0.21481 -1.3104 -0.8404 0.39867 -0.32569 -0.0043573 -0.28412 -0.65879 0.93098 -0.076139 0.0055169 1.0263 -0.059263 -0.086535 -0.42904 -0.65045 -0.60974 1.3374 0.54669 0.089622 0.83857 0.73393 -0.059149 1.6792 0.65027 0.86267 1.6334 0.047072 0.3743 -0.0067205 0.55574 -0.34922 -0.2194 0.40909 -0.21448 -0.62203 -0.48862 0.52183 -0.29933 -0.70177 -0.026734 0.20646 0.14541 -1.2577 0.14762 0.67417
fog 0.51838 0.13911 -0.31343 0.30545 -1.7081 -0.32157 0.1768 0.76446 0.17806 -0.75958 0.37877 -0.21774 -0.025259 0.33392 -0.00062174 0.86173 -0.8926 -0.034233 -1.2153 -1.3869 -0.25563 0.29067 0.29303 -0.42823 0.46049 -0.3799 -0.51618 1.9615 1.2847 0.64176 1.4094 0.13503 0.06765 -0.064503 0.023018 0.3534 0.1298 -0.4494 0.29741 0.59779 -0.26582 0.85181 0.30548 -0.25829 -0.33677 0.19449 0.71113 -0.7578 0.222 -0.92847
tornado 0.40251 -0.64083 1.0953 0.31115 -1.0811 0.59131 -0.50092 0.41992 0.76105 -0.75449 -0.25756 -1.4308 0.40972 0.1941 -0.34603 -0.4434 -1.1595 0.76684 -2.2093 0.51073 -1.1337 -0.52036 -0.15374 -0.14935 0.56645 -0.4669 -0.71178 0.65858 1.1987 -0.31757 0.93619 -0.27968 0.93009 -0.86445 -0.11806 0.73228 1.0367 -1.3687 -0.43426 -0.24665 -0.69825 -0.189 0.030821 -0.72443 0.29044 0.93797 0.25052 -0.13264 0.025711 0.28656
rainy 0.30803 0.54658 -0.9499 -0.57827 -1.6176 -1.1579 -0.65889 0.56816 0.24995 -0.45212 -0.60003 -0.64772 0.98821 -0.21418 0.8765 0.37065 -0.22165 -0.16959 -1.0154 -0.051014 -0.28229 -0.034844 0.90797 -0.17459 0.70761 0.51302 0.14856 1.4121 1.0511 1.254 1.884 0.65317 0.22876 0.2735 -0.015006 0.23765 0.09801 0.093009 0.21272 -0.31905 -1.4648 0.14567 -0.2181 -0.30475 -0.29356 0.048476 0.50535 -0.42373 0.36562 0.43045
hail -0.26896 0.45065 0.52576 -0.47958 -0.79317 0.078007 0.13602 0.9861 -0.15132 0.20001 -0.41075 -0.31615 0.7039 0.11729 -0.6077 -0.3723 -0.12244 -0.029617 -0.58182 -0.58844 -0.55532 -0.09597 0.4378 -0.78924 0.67753 -0.61859 -0.64536 0.25387 0.41246 -0.28884 1.2054 0.65184 0.096505 0.19145 -0.081888 0.42121 0.19241 -1.0311 0.19491 0.6098 -0.60306 0.48421 -0.35484 -0.74902 0.9718 0.65909 -0.40048 0.036794 -0.17828 -0.88265
precipitation -0.43591 1.0021 -0.16463 -0.2375 -1.2381 -0.033302 0.75499 0.39287 1.0892 0.10882 0.15211 -1.5333 2.2251 -0.68854 0.22221 0.5153 -0.13704 -0.38462 -1.2585 -0.601 0.060937 -0.95471 2.311 -0.5181 0.22564 1.0005 -0.51141 1.3193 1.0424 1.6486 2.1456 0.031964 0.72664 -0.76938 0.10116 -0.37355 -0.26033 0.44897 0.012864 0.14768 -0.79028 0.56214 -0.22613 -0.40377 -0.90321 -0.33304 0.88699 0.2667 -0.58535 0.3511
cloudy 0.18087 0.86173 0.093161 -0.27918 -1.1281 -0.78483 -0.63981 -0.01217 -0.12839 0.67395 -0.33599 -0.77355 0.53708 0.23574 -0.96302 0.6747 -0.75651 -0.18798 -0.98727 -0.21807 -1.3806 1.907 1.5361 -0.61853 0.1816 0.81465 -0.37711 2.2677 1.0662 1.1283 1.0116 0.30469 0.65277 0.013028 0.5707 -1.5048 0.094676 0.78759 0.48092 -0.26265 -0.63985 -0.19673 0.84163 0.14537 -1.3062 1.7389 -0.99533 -0.18592 0.50542 0.53404
