9 50
robin -0.26362 0.41994 -0.79729 0.86664 0.58936 0.68519 -0.26007 0.32548 -0.046497 -0.7095 0.15062 0.68397 -1.1083 0.51457 0.63559 0.23652 0.89858 -1.0909 -0.79213 -0.062496 -0.20448 0.24034 0.53381 0.83544 -0.11545 -0.59479 0.19435 -0.37466 -0.49624 -0.40082 0.92792 -0.11287 0.23288 0.11878 0.35524 -0.027567 0.22443 0.36326 -0.33158 -0.52621 0.48268 0.72329 -0.0063863 -0.86676 0.61046 0.26654 0.54224 -1.0559 -0.2899 0.87809
finch -0.077903 0.84181 -0.52002 0.41628 -0.091852 -0.89515 -0.83712 -0.20764 -0.20947 -0.016581 -0.35932 1.0184 0.73984 -0.30595 -0.29866 -0.083612 0.028595 -0.76482 -0.56517 0.68531 -0.93966 0.31626 -0.12667 0.11978 0.19519 -0.17982 0.27946 0.015776 0.39692 -0.71127 0.12792 -0.97301 0.31119 0.20341 0.0036277 -0.7636 0.13155 -0.60581 0.051057 -0.28825 0.80123 0.1399 0.74006 -0.1049 0.34352 -0.16463 -0.0086146 -1.6143 0.18266 1.3376
pigeon 1.0844 -0.077032 -0.67491 -0.47128 -0.11877 0.66761 -0.96149 -0.4108 0.48166 -1.1282 -0.082496 -0.021235 1.0679 0.26211 -0.89922 0.2031 0.65306 0.26205 -0.85866 -0.39914 -0.37775 -0.60284 -0.15242 0.52232 0.41572 -0.38463 -0.73669 0.51469 -0.5039 -0.9088 -0.0021857 0.093096 -0.36724 0.88809 0.42938 -0.32352 -0.00069266 0.0071982 0.091809 -0.55796 0.010643 -0.5437 0.14252 0.30659 1.569 -0.23822 0.38993 -0.67778 0.9645 -0.32616
flamingo 0.39718 0.67911 -0.78887 0.76681 -0.17142 -0.20702 -0.4162 -0.6428 0.1868 0.76093 -0.43854 0.27815 0.60204 -0.30829 0.52213 0.23659 0.33594 0.53182 -0.6757 0.28837 -0.12096 0.025288 -0.58152 0.11645 -0.97404 0.18964 0.27011 0.78447 0.48942 -0.7628 -0.37332 0.093336 -0.05424 0.71337 0.061193 -0.59086 -0.19438 -1.156 -0.20679 -0.61043 -0.67012 0.020224 0.18655 0.36631 -0.36831 -0.67026 -0.37819 -1.4602 0.46837 -0.060869
oie 0.28844 -0.37812 -1.6867 0.19864 0.43473 -0.58751 0.36445 -1.6315 1.8814 -0.53653 1.4523 0.58929 0.237 0.16306 0.33798 -0.3374 -0.31061 -0.35188 0.05232 0.19464 -0.85652 -0.037623 -0.3077 -0.18846 -0.34361 0.43097 0.1635 -0.98623 -1.8231 0.71852 0.17464 0.70541 -0.89577 0.075578 -1.7413 -0.66159 0.57746 -0.32358 1.1211 0.4634 0.41499 -0.94413 0.764 0.62448 1.066 0.93451 -0.76968 0.27875 1.1069 0.1868
aigle 0.73694 -0.79819 -1.0083 -0.59379 -0.18955 0.15938 1.1754 0.20263 -0.027225 -0.65916 0.084824 -0.33943 -0.33471 -0.058928 0.075473 -0.12932 -0.26804 0.75066 -0.32973 0.40502 0.71508 -0.060128 -0.61319 1.6 -0.75089 0.21099 -1.1406 0.68543 -0.52416 -0.68781 -1.4438 -0.31192 0.24947 1.0253 0.57465 -0.31126 0.47306 -0.55975 -0.82879 -0.42471 0.92158 -0.53945 1.2459 -0.80388 -0.85006 0.19399 0.38517 0.11784 0.65293 -0.14862
cygne 1.3564 -0.25487 -0.48666 -0.12936 -0.96464 0.065706 -0.20614 -0.94945 -0.099158 0.09929 -0.49857 0.053893 -0.19386 -1.0508 -0.90779 -0.6012 -0.12756 1.2071 -0.011467 -0.88254 -0.34788 -0.25178 -0.73562 -0.36429 0.088829 0.59658 -0.79286 1.2739 -0.14674 -0.77632 -1.0645 -0.42575 -0.71331 0.90928 0.078746 -0.99081 0.35255 0.23729 -0.39896 0.074629 0.75748 -1.062 -0.074355 -0.7032 0.37573 -0.52019 0.074216 0.3616 0.67415 0.86641
faucon -0.11863 0.62788 -0.031129 -0.3436 -0.54852 -0.33853 0.33974 0.34554 0.37189 -0.29666 -0.035794 0.10528 -0.2773 -0.79677 0.32036 -0.0052217 0.28945 0.30597 0.12483 0.070203 -0.16916 0.10555 -0.19003 0.59063 0.21738 0.71495 -0.11614 0.5794 -0.23043 0.62804 -1.4734 -0.3075 0.17745 0.75579 -0.39931 0.022582 0.14813 -0.33782 0.81276 0.493 1.0068 0.0078433 -0.46196 0.22016 0.35581 -0.72863 0.31054 0.063564 0.43874 -0.0081999
hibou -0.32006 -0.18872 -0.96502 -0.56329 -0.24069 -0.40467 0.51723 0.016551 0.31682 0.062435 -0.027972 -0.10428 1.0022 -0.60645 -0.074906 -0.58029 -0.15684 0.36644 0.9503 -0.66087 0.34093 -0.34282 0.19309 0.39866 0.096225 0.9287 -0.38375 0.65482 -0.62314 0.93214 -0.9825 -0.12511 -0.25221 0.88028 -0.5467 -0.43862 -0.118 0.2116 -0.17683 0.2767 0.60469 -0.37934 -0.47213 0.25836 0.14646 -1.0132 -0.43802 0.24187 1.2937 -0.058352
