11 50
country -0.13531 0.15485 -0.07309 0.034013 -0.054457 -0.20541 -0.60086 -0.22407 0.42615 0.0418 0.1217 -0.55817 -0.08953 0.0089426 0.59164 0.34329 0.64798 0.30052 0.48494 0.16524 -0.073664 0.31182 -0.083803 0.27026 0.10724 -1.7704 -0.36235 -0.15811 0.060038 0.67873 4.0124 0.43091 -0.26325 0.0561 -0.40052 -0.088487 -0.55339 -0.17892 -0.57372 -0.19628 -1.1624 0.12145 0.55842 -0.6194 -0.20974 0.49895 -1.0743 -0.028168 -0.18904 -0.6769
food 0.47222 -0.44545 -0.51833 -0.26818 0.44427 -0.25108 -0.99282 -0.90198 1.8729 0.039081 0.14284 0.074878 1.0543 -0.3203 1.0722 0.44323 0.0099484 0.15754 0.51399 -0.77668 0.924 0.010958 0.58815 0.23078 -0.34281 -0.88444 -0.31492 0.12661 1.1445 0.60775 3.4344 0.63561 -0.13832 0.28045 -0.16181 0.77541 -0.49888 0.4602 0.91799 0.29007 0.06884 0.59978 0.53967 -0.061752 1.2975 0.92323 -0.80945 0.34932 0.33934 0.25499
weather -0.046177 0.19105 -0.0088775 0.33513 -1.5276 -1.3877 -0.90678 0.60365 0.7022 -0.75226 0.47992 -0.1758 0.67756 0.48472 0.33934 0.8612 -0.60056 -0.38939 -1.2988 -1.0344 -0.3619 0.40017 0.63314 -0.16999 1.0498 -0.40598 -0.78578 0.85598 1.5479 1.534 3.0251 0.32164 0.37154 -0.8246 -0.057963 0.13627 -0.096647 0.082712 0.0065931 0.034547 -0.62896 0.47067 0.72553 -0.10176 0.35302 0.34795 0.51501 0.20321 0.31264 0.93996
vehicle 0.76635 -0.4642 1.5398 -0.072722 0.25468 0.47589 -0.68325 -0.69972 0.98951 -0.52045 0.65583 -0.68863 -0.69973 0.23702 -0.178 0.090046 -0.42554 1.3735 -0.63329 -1.5985 0.44457 0.096731 -1.0718 0.070542 0.16615 -1.2411 -0.19775 0.60335 1.1504 0.26983 2.4684 -0.13064 -0.4938 -0.32927 1.1078 0.52485 0.67595 -0.46873 -0.47992 0.43717 -0.1786 -0.10588 0.41584 -0.85348 -0.045738 -1.1811 0.16451 -0.022746 1.04 -0.02507
sport -0.85959 0.61038 -0.81626 0.63196 -0.65046 -0.059288 -0.60121 -0.76855 0.10574 -0.073164 1.0889 -0.10316 -0.9571 -0.12476 0.83942 -0.1734 0.24719 2.072 -0.53134 -1.3647 -0.80506 0.30736 -0.65437 1.075 0.05007 -1.2526 -0.88551 0.45704 0.0088123 0.33761 2.3207 1.2026 -0.52619 -0.21536 -0.14762 0.17182 -0.1526 0.42655 -0.66796 -0.47819 0.099182 -0.63394 0.357 0.38775 -0.079839 -0.085529 -0.42402 0.32755 0.72617 -0.24605
bird 0.78675 0.079368 -0.76597 0.1931 0.55014 0.26493 -0.75841 -0.8818 1.6468 -0.54381 0.33519 0.44399 1.089 0.27044 0.74471 0.2487 0.2491 -0.28966 -1.4556 0.35605 -1.1725 -0.49858 0.35345 -0.1418 0.71734 -1.1416 -0.038701 0.27515 -0.017704 -0.44013 1.9597 -0.064666 0.47177 -0.03 -0.31617 0.26984 0.56195 -0.27882 -0.36358 -0.21923 -0.75046 0.31817 0.29354 0.25109 1.6111 0.7134 -0.15243 -0.25362 0.26419 0.15875
shape 0.59707 0.5634 -0.41376 -0.075557 1.156 0.52521 0.50796 -0.68898 -0.41204 -0.6182 0.03598 0.0067043 -0.39552 0.9156 -0.50237 0.74031 0.46991 0.057323 -0.017229 -1.1289 -0.80896 -0.7498 0.025003 -0.37657 0.21107 -0.70899 -0.9654 1.1376 0.47744 -0.15368 3.0149 -0.12593 -0.038683 -0.26248 -0.29586 0.18496 -0.087558 0.82888 -0.2993 -0.66616 -0.28533 -0.52392 -0.35129 0.4018 0.018995 0.28656 0.86202 -0.17189 -0.1271 0.19016
flower 0.075439 1.2659 -1.3179 0.11341 1.4513 0.17337 -0.56265 -1.0706 0.54898 0.30163 -0.11471 0.38498 0.9205 -0.2491 0.3308 0.060113 -0.0068846 0.086864 -0.20535 -0.86098 0.10007 -0.75486 0.48225 -0.33253 -0.23791 0.17345 0.49777 0.88761 0.089471 -0.56217 1.8535 -0.0055493 0.45845 0.53943 0.3247 0.43479 -0.027253 0.44744 -0.27514 -0.016152 -0.51024 -0.10113 -0.80985 -0.31571 1.5817 0.2105 -0.1844 -1.7266 0.092685 -0.55696
colour -0.58068 0.90569 -0.73373 -0.15138 0.75797 0.97029 0.023618 -1.4872 -0.14538 -0.6056 1.0269 0.035029 1.1441 0.05645 -0.67771 0.22941 -1.0471 -0.37815 -0.69496 -1.4051 -0.48338 -0.13988 1.2388 -0.23413 -0.31953 0.39335 -1.0752 1.2668 0.62979 0.35593 2.1269 0.028792 -0.17693 -1.1866 0.23187 0.72758 -0.0020396 -0.14913 -1.1746 -0.7332 1.0048 0.39793 -0.57832 -0.47788 -0.18623 -0.28649 0.88173 -0.26844 0.30489 -0.40387
insect 1.6807 -0.93995 -0.98881 -0.19775 0.6983 0.65944 0.43355 -1.3713 1.0884 -0.34642 0.70568 0.52862 1.5516 0.24165 0.16251 0.029928 0.16436 0.27674 -1.4645 -0.20519 -1.1163 -1.5448 0.41478 -0.21763 0.0068376 -0.29612 -0.28023 0.10654 0.71412 0.014091 0.93592 0.22769 -0.085109 -0.87982 -0.94736 1.1979 -0.44784 0.58722 0.31581 0.00015737 0.039157 0.12435 0.17716 1.0918 1.6525 0.45542 0.72444 -0.57763 0.25044 0.14054
mammal 0.98206 -0.29941 -0.57232 0.33373 1.017 0.92792 -0.68627 -1.1859 1.9509 -0.67459 0.65137 0.048149 1.8017 0.99335 0.68687 0.14192 0.52542 0.017853 -1.2253 0.75599 -1.1728 -0.58751 -0.13886 -0.42091 0.63427 0.22203 -0.20675 -0.67514 -0.23448 -0.09205 0.55833 -0.92495 0.4536 -0.31594 -0.084216 0.18612 0.28237 -0.32339 0.2433 -0.023619 -1.3951 -0.85038 0.91183 1.3205 0.55118 0.31762 0.18765 -0.41939 -0.55578 0.024226
