11 50
orange -0.42783 0.43089 -0.50351 0.5776 0.097786 0.2608 -0.68767 -0.31936 -0.25337 -0.37255 -0.045907 -0.53688 0.97511 -0.44595 -0.50414 -0.086751 -1.0645 0.36625 -0.52428 -1.3413 -0.2391 -0.58808 0.56378 -0.062501 -1.7429 -0.88077 -0.27933 1.4705 0.50436 -0.69174 2.0018 0.26663 -0.85679 -0.18893 -0.021125 -0.055118 -0.50337 -0.67157 0.55502 -0.8009 0.10695 0.1459 -0.55588 -0.64971 0.22046 0.67415 -0.45119 -1.1462 0.16348 -0.62946
rouge 0.48775 -0.46379 0.17818 -0.18285 -0.52987 -1.3405 1.0709 0.79782 -0.73993 0.53634 -0.20487 -0.87892 -0.70617 -0.44597 0.036824 -0.53764 0.5231 0.68862 0.69556 0.8733 -0.46459 0.34853 0.59411 0.019064 -1.7377 -1.0832 -1.1756 -0.45855 -0.54658 0.44812 1.2759 -1.0755 -1.3139 0.27102 0.17192 0.44093 -0.41348 -0.6281 0.8457 0.43499 -0.78081 0.66987 -0.25578 -0.61084 0.020942 -0.71672 -0.79592 -0.7913 -0.72211 -0.8964
blanc 0.69974 0.62896 -1.1979 -0.98745 -1.3511 0.40082 -0.7742 -0.50014 -0.64266 0.48162 0.28887 -0.085582 -0.46464 -1.2856 0.61448 -0.21666 1.1848 0.10127 -1.0028 -1.8464 -1.315 0.069986 -0.12312 0.29759 -0.73867 0.084989 -0.22068 1.5956 -0.42547 0.23386 0.25784 -0.21993 -1.2294 0.55951 1.2639 -0.87225 -0.31341 0.24164 0.43489 -0.15785 0.63707 0.86183 0.68272 -1.3416 -0.24058 -0.071732 0.53623 0.077633 0.14075 -0.088258
beige -0.58409 -0.21655 -0.63813 -0.46873 0.58144 -0.8133 -0.44833 -1.6406 -0.21187 -1.1703 -0.35123 -0.37382 0.46097 0.53161 -0.13126 0.49008 -1.2893 -0.56954 0.57905 -1.3572 -0.5239 0.019454 0.17204 -0.76834 -1.279 0.21829 -1.2268 2.4593 0.40687 0.21714 0.92788 -0.86538 0.0041217 0.013002 0.082993 0.36778 -0.13185 -0.20455 -0.029461 -1.0022 0.073487 0.12418 0.23072 -0.18519 0.46311 -0.43402 0.74694 -0.30326 0.52476 0.11256
bleu -0.37748 -0.035607 -1.9879 -1.0134 -1.0121 -0.6225 0.42249 -0.13735 0.18456 0.44712 0.44836 -0.046905 0.048197 -0.78054 -0.013858 -0.51272 0.35262 0.8421 -0.43808 -0.48331 0.6039 0.86091 0.18446 1.188 -1.0716 0.17868 -0.55765 0.64844 -0.42651 -0.66865 -0.23768 0.028546 -1.3268 0.98173 0.24368 0.043326 -0.22971 -0.27038 0.98168 0.30714 1.2621 0.34505 0.068735 -0.76816 0.47959 -1.0619 1.3035 -0.14369 0.16484 0.45794
vert -0.57077 1.3919 -1.0319 -0.28716 0.060279 0.16023 0.93576 -0.74013 0.18991 -0.80727 0.47047 0.13732 -0.85116 -0.71467 -0.70774 -0.311 0.4118 0.67955 -0.80285 -0.62322 -0.73507 -0.52619 -0.041188 0.37872 -1.3672 0.37068 1.0447 1.3844 -0.042685 0.15747 -0.13751 0.37815 -0.082963 0.37597 0.85525 -0.098873 0.16009 -0.67384 0.21034 0.24437 0.095188 -0.74171 -0.0070373 0.44197 0.79542 -2.4822 0.91866 -0.46335 1.6195 -0.18106
magenta -0.13393 0.48472 -0.71821 0.51121 0.2017 0.24473 0.11402 -0.95129 -0.69933 0.19039 0.73225 0.052856 0.75644 -0.4273 -0.92621 -0.493 -1.1131 -0.053321 -0.33725 -0.76692 -0.841 -0.32719 0.57661 -0.3248 -0.63378 0.68081 0.073426 1.2614 0.69041 -0.85349 -0.11972 0.18763 -0.62599 -0.31796 -0.42618 -0.1291 -0.97853 -0.19624 -0.31548 -0.12774 1.0625 -0.031638 -0.40874 -0.70275 0.097635 -0.51525 0.76193 -0.97833 0.14334 -0.44977
mauve -0.091628 0.97948 -0.85793 0.15368 0.32822 0.27345 0.42484 -0.29261 -1.4768 -0.12324 0.53701 0.56277 0.59804 0.29042 -0.29829 0.10508 -0.37639 -0.11622 0.084317 -0.75895 -0.53668 -0.51213 0.47052 -0.89711 -0.5414 0.53237 -0.12895 1.3774 0.77862 -0.62005 -0.55544 -0.50509 -0.40718 0.51631 0.40554 0.016888 -0.34869 0.079269 -0.59487 0.50695 0.13597 0.41182 0.33533 -1.2194 0.85026 -1.0581 0.49537 -0.89965 -0.66009 -0.25579
cyan -0.32048 0.050699 -0.67888 1.4638 0.073819 0.25944 -0.25337 -1.0732 -0.32311 0.1545 1.0719 0.48536 -0.050088 -0.37445 -0.43968 -0.52964 -0.79727 0.31603 -0.24474 -0.96312 -0.77385 -0.46958 1.1777 -0.013742 -0.45793 1.0647 0.10519 1.0471 0.47963 -1.1948 -0.55403 0.12998 -0.76082 -0.87984 -0.61657 -0.069926 -1.4858 0.087361 -0.058454 -0.17051 0.85686 -0.84142 -0.23033 -0.59445 0.18046 -0.22243 0.97699 -0.52327 0.29951 -0.70397
jaune 0.035321 0.28721 -0.13306 0.035223 -0.25072 -0.43706 1.1002 0.76168 0.32376 0.062252 -0.12422 0.19956 -0.098488 -1.5586 -0.96285 -1.3457 -0.95086 0.9167 -0.31601 -1.3831 -0.34731 -0.61337 0.041781 -0.70677 -0.53854 0.62601 -1.1319 0.86802 0.10522 -0.84099 -1.0681 0.22136 -1.1465 1.0781 2.0039 0.27214 1.2177 -0.52475 -0.58893 0.82216 1.372 0.10783 -0.98965 -1.1628 -0.52531 -1.0211 0.41876 0.83168 0.77791 0.22245
azur 0.93811 -0.88357 -0.50415 -0.70391 0.16129 0.18829 1.1989 -0.051271 -0.20711 -0.33709 -0.26062 -0.21684 -0.35867 0.24445 -0.90423 -0.14219 -0.51333 0.64367 0.44042 0.74549 0.57165 -0.088948 -0.68198 1.2288 -0.39963 0.26773 -0.25223 0.39716 0.0016338 -0.94567 -1.2542 0.053727 0.16924 1.6105 0.41133 -0.50365 0.35431 -0.57792 -0.83117 0.55327 0.37699 -0.4868 0.81989 -1.1472 0.54957 0.34688 0.11675 -0.0031208 0.4875 0.5586
