9 50
france 0.66571 0.29845 -1.0467 -0.66932 -0.78082 -0.00013007 -0.17931 0.3711 -0.18622 -0.40535 0.98644 -0.60545 -0.94571 -0.69207 0.56681 -0.3861 0.027634 -1.2464 -0.73561 -0.52222 -0.061766 0.16771 -0.37462 0.4225 -0.63095 -1.636 -0.25094 0.04495 -0.39758 0.98099 2.6293 0.8348 -0.77338 0.39402 -0.57976 -1.029 -0.26709 0.98714 -0.51029 -0.42477 1.3956 -0.029347 2.2295 -1.7079 0.025562 0.6906 -0.579 -0.17824 0.42916 -0.5394
canada -0.72491 0.40524 -0.35895 0.65977 -0.27592 0.60496 -1.217 0.14638 0.85096 -0.74799 1.0267 -0.0491 0.40083 -0.11647 0.14594 0.32253 0.38807 -0.72773 -1.0039 -0.015682 0.66613 -0.30068 -0.01085 0.57758 -0.26283 -1.3647 0.17607 -0.54651 -0.40292 -0.14113 2.3757 0.60026 0.072329 -0.4139 -0.30918 -1.166 -0.15287 -0.18237 -0.075067 -0.30076 -0.073329 -0.19173 1.1995 -1.1107 -0.57754 1.011 -0.81894 -0.11035 0.015073 -0.03693
argentine -0.22483 -0.44338 -0.723 0.30009 -0.21466 -0.83897 -0.88884 0.60075 -1.3961 0.71913 1.177 0.23881 0.3444 0.94077 0.68633 -1.7963 -0.28624 -0.19954 -0.50924 0.12963 -0.88191 -0.48778 -0.75221 -0.10903 -0.6159 -0.96495 0.60805 -0.21593 -0.78756 0.36252 2.1616 -0.59749 -0.41456 0.13648 -0.44068 0.44447 -0.82863 0.017248 0.56706 -0.89346 -0.12685 0.53362 1.0223 -1.1813 -0.13817 -0.45805 -0.11545 0.096161 0.73214 -0.87035
suisse 1.0141 0.24393 0.11137 0.4837 -0.43836 -0.30617 -0.46726 -0.030867 -1.0265 -0.32623 0.46767 0.55744 -1.1221 -0.14783 0.33964 -0.04396 -0.11484 -0.47441 -0.5 -0.20662 0.7788 -0.33935 -0.73001 -0.15395 -1.0883 -0.017367 -0.0095437 0.18997 -1.7209 -0.10785 0.74348 0.34238 1.6298 0.24601 -0.71266 -1.345 -0.31778 -0.24235 1.2215 -1.3408 0.57416 -0.65996 0.99832 -0.18624 0.27067 -1.5115 0.056446 0.62849 0.80392 1.1032
chine 0.17105 0.025397 -1.1354 0.31689 -1.0052 -0.20778 0.52476 0.095506 0.048799 -0.21873 -0.30356 0.095927 0.44787 -0.36062 -1.4489 -0.54713 0.18103 -0.41664 0.51706 -0.68135 -0.72165 -0.29733 0.23764 0.048329 -0.18504 1.1986 -0.12006 0.98845 0.10286 -0.5294 -0.042624 -0.51812 -0.030485 0.91554 -0.33448 -0.66361 0.16968 0.20686 0.28012 -0.050906 0.38724 -0.77045 0.31725 -0.25658 0.2194 -0.32768 0.27628 -1.1697 0.78296 0.52913
italie -1.6018 -0.065328 -0.040698 0.49892 -0.36748 -1.0329 -0.91389 -0.30046 -0.17257 0.29932 -0.75526 -0.60478 0.0022253 0.39927 0.34535 -0.60052 0.62595 -1.3782 1.5165 2.2631 1.5395 -0.26934 -0.26445 0.72319 0.40574 1.0354 -0.56258 -0.77942 0.46443 -0.27892 -0.81284 -0.49471 0.67146 -0.35676 -0.5313 0.48877 0.35128 0.020959 0.64822 0.81922 -0.37964 -0.40648 0.67949 -2.0915 1.1926 0.12901 -0.48295 0.76477 1.9507 1.1457
espagne 0.0037324 0.22421 0.11231 0.59957 -1.2667 -0.63425 0.14295 0.3648 0.41127 -0.50446 0.27686 0.51465 0.34575 0.61461 -0.52386 -0.17695 -0.97693 -0.68694 0.69557 0.26951 -0.38839 -0.75129 -0.076138 0.26032 0.062538 0.76545 -0.62247 -0.029264 0.70146 0.49039 -1.023 0.10469 0.24741 1.5414 -0.092464 -0.29053 0.22835 -0.10664 -0.46375 0.5738 0.47742 -0.33219 0.79549 -0.78539 1.0091 -0.23753 0.14862 -0.31001 0.57237 0.68678
angleterre 0.33754 0.14587 -0.29066 -0.02608 -0.36219 -1.5264 0.58264 0.45165 0.35439 -0.020188 -0.25636 -0.38219 0.6131 0.035999 -0.51923 -0.16086 -0.64389 -0.25839 0.31066 0.225 -0.11475 0.077363 -0.42078 0.78406 0.10809 0.94601 -0.44094 0.26906 1.4858 -0.09625 -1.0212 0.56916 -0.41905 0.64017 -0.4095 -0.62019 0.51427 -0.77482 -0.53748 0.59137 0.43796 -1.2713 0.97035 -0.01075 0.56651 -0.40945 0.12135 -0.23884 1.1656 1.0752
amérique -0.15251 -0.84196 0.016007 -0.003927 -1.6057 -0.39699 0.61977 0.46513 0.3365 0.17688 0.41377 -0.024669 0.81815 0.50267 -0.55144 -0.57929 0.33909 0.52549 0.060382 -0.065299 0.1035 -0.46941 0.47202 0.90364 0.55083 0.95608 -0.61902 -0.022458 0.91084 0.15707 -0.64222 -0.4229 -0.69239 1.0398 -0.33766 -0.66715 0.43521 -0.63581 -0.60598 0.059063 0.50772 -1.4455 1.2166 -0.67224 -0.036758 -0.7933 0.062894 -0.011468 1.0398 0.86475
