10 50
ours 0.23768 0.010801 0.29297 -0.26358 0.91264 -0.39769 0.28481 0.04103 -0.48057 0.12174 0.18345 0.12738 -0.34463 -0.26395 0.3292 0.88072 0.95193 0.44484 0.90844 -0.17167 -0.67231 0.099314 0.092202 0.34836 0.83517 -0.51419 -1.3423 0.16379 1.0676 -0.67481 1.3185 0.69069 -0.063658 0.21692 -0.67765 -0.47865 -0.19821 0.094321 -0.16725 0.052313 -0.24042 -0.74218 0.34868 0.23292 -0.2726 0.35127 -0.59047 0.0067284 -0.18008 0.2967
chien -0.81462 0.34286 -0.77049 1.2034 -0.88937 -0.90845 0.13531 0.083098 -0.68318 -0.40935 -0.28844 0.57532 0.81033 -0.060132 -0.68502 -0.66962 0.025593 -0.34691 0.43136 0.22221 -0.51561 -0.36985 0.89292 -1.5466 0.40939 -0.78793 0.67557 -0.28841 -1.17 -0.22807 0.58685 -0.37085 -0.76153 0.53616 -0.39555 -0.63416 0.10428 0.71996 0.63553 1.1293 -0.55307 0.69042 -0.21359 0.21745 0.91439 -1.7926 -0.91998 -0.42031 0.68219 0.96426
raton 0.79126 0.16196 -0.38127 0.8152 -0.63204 -1.0836 -1.4817 -0.012611 0.0088784 0.093761 -0.60348 -0.71014 0.48785 -0.13274 0.06989 -0.11052 -0.62211 0.14454 -0.18287 0.54238 -0.49105 0.74735 -0.75586 0.50398 -1.0834 -0.49702 0.18044 0.54736 -0.48093 -0.64948 -0.020101 -0.70437 -0.33798 -0.33374 -0.16237 -0.54831 -0.68243 -0.077055 1.7023 -0.61771 0.33024 -0.058178 0.46189 0.81393 -0.068399 0.54286 0.10454 -0.23148 -0.30399 0.52536
castor 0.43879 0.088671 0.27034 1.4021 0.026709 0.085923 0.10288 -0.13604 -0.72665 0.10814 -0.028073 0.92575 0.79927 -0.47162 -0.61596 0.21976 0.041546 0.36549 0.07711 0.10609 -0.09573 -1.113 1.3956 -1.0106 0.18273 -0.10854 0.38554 0.36516 0.052108 -0.69757 -0.29534 -0.40733 0.010214 -0.022764 -0.038124 -0.6701 -0.80884 0.54765 1.1904 0.45902 -0.4109 0.15447 -0.43525 -0.40105 1.3931 -0.65801 -0.37285 -0.80985 1.036 0.81895
mouton -0.26627 -0.075269 -1.1971 -0.21937 0.20827 -0.19842 -0.67011 0.21613 -0.37297 -0.1024 -0.10927 0.86339 -1.1576 -0.64013 0.11513 -0.49097 0.72642 -0.77944 -0.046767 -0.24241 -0.6376 0.17336 -0.20211 -0.57512 -1.3079 0.85027 -0.2682 0.30469 0.35284 -0.066247 -0.88623 -0.83074 -0.085146 1.1243 1.5544 -0.033788 -0.56535 0.24554 1.1736 0.26422 -0.095712 -0.11751 0.77954 -0.30444 -0.61047 -0.258 0.3321 -0.12523 0.29963 -0.2383
cerf 1.1617 -0.61236 0.71304 0.40182 -1.2223 -0.2677 -0.31527 -1.2528 0.36718 0.39839 -0.63553 1.1147 -0.32907 -0.44733 -0.73662 -0.51999 -0.2896 0.58946 0.72579 -0.21911 0.18164 0.58722 -0.31511 0.062245 1.3306 0.29621 0.22104 -1.0306 -1.7757 0.12459 -0.53093 -0.44631 -0.31663 0.16162 -0.27412 -1.274 -0.49205 -0.24534 0.0053455 0.38689 0.082308 0.42676 -0.4955 0.2221 -0.14773 -0.46516 0.27294 -0.34706 0.27336 1.2439
lapin 1.3238 -0.8322 -0.16135 -0.10372 0.6531 -0.13663 0.35901 -0.77732 -1.353 1.3907 0.86274 0.32601 -0.051413 0.9995 -0.34023 -0.73693 0.52796 0.38476 -0.2847 0.79697 -0.53092 0.09092 -0.35354 -0.13796 0.20247 0.35721 0.78848 -0.083621 -0.88613 -0.90314 -0.87227 -0.73329 -0.092512 0.19401 -0.85984 -0.83687 -0.53865 0.5719 0.72905 0.27588 0.55744 -0.19393 0.34085 0.084286 0.77511 -1.653 0.76554 -0.0011804 0.25539 0.80043
cheval 0.38561 -0.67797 -2.1834 -1.4887 -0.48253 0.039328 0.79475 -0.50461 0.25564 -0.21219 0.51759 0.42545 -0.37487 -0.75267 -0.16423 -0.86532 0.70491 0.57034 -1.3348 -1.505 -1.0745 -0.34017 -0.34603 -0.11057 -1.3546 0.47246 -1.1539 0.66527 -0.55629 0.165 -0.60491 -0.38593 -0.97027 1.792 1.1952 -0.33245 0.78821 -0.079462 -0.096538 0.31883 0.39754 0.055961 0.6491 -0.3251 -0.24353 -0.33187 0.5656 -0.44642 -0.17713 0.10746
vache 0.68167 -0.074024 -1.377 -0.19515 -0.98329 0.032708 0.84132 0.51731 -0.07006 0.74108 -0.37098 0.69804 0.70942 -1.2918 -0.58534 -0.41295 -0.22718 1.3257 0.36293 0.52185 -0.60616 0.1383 -0.13205 -0.5519 0.30506 0.27038 -0.44146 0.65357 0.091858 -0.1195 -0.91176 -0.85472 -0.328 2.1372 0.55094 -0.51965 0.82759 -0.5214 0.17384 0.65363 -0.20783 -0.46984 -0.25968 -0.57744 0.21188 -0.052587 -0.73588 -0.33111 0.013314 0.49632
chameau -0.4172 -0.0023627 -0.40561 0.087162 -1.1505 0.11206 -0.33059 -0.26933 0.038057 -0.30642 0.23235 0.52507 0.55081 0.52627 -0.35897 -0.37063 -0.3973 0.59255 0.22955 0.20524 -0.78052 -0.088752 -0.17846 -0.21712 0.61755 0.50673 0.090806 0.21397 -0.51587 -0.0823 -1.3014 0.19991 -0.28871 0.99225 -0.96627 -0.25667 0.27481 -0.42471 0.27926 0.20363 -0.080685 -0.45625 -0.46781 0.17663 0.93624 -0.36551 -0.59298 -0.22684 0.72271 0.17961
