10 50
triangle 0.26777 0.39051 -0.80204 0.87605 0.56361 0.62825 1.0976 -0.88538 0.36826 -0.18403 -0.10373 -0.52103 -0.60596 0.22897 -0.79127 0.22233 0.63658 0.54065 -0.55847 0.33736 -0.27757 -0.55417 -0.038542 0.59959 -1.0194 -0.75978 -0.52453 0.93808 0.37005 -1.1082 1.4721 -0.43972 0.037059 -0.051395 -0.17195 -0.16822 -0.70491 -0.40332 -0.40064 0.56881 -0.15365 0.17935 -0.12581 -0.012767 -0.18841 -0.069272 0.90065 -0.79688 -0.52345 -0.36574
cube 0.47241 0.46435 0.32071 1.0647 1.2126 0.2072 0.77395 -1.3674 -0.16832 0.92468 0.057149 0.28733 -0.671 1.2769 0.42036 0.61325 0.5263 0.76964 -0.15031 -0.4753 0.272 -0.52089 0.65479 0.20171 -0.53058 0.73832 -0.17234 0.84026 0.079738 -0.56916 1.0265 -0.71037 -0.34289 0.5893 -0.19578 0.34948 -0.1744 0.3125 0.47466 -0.24945 0.13311 -0.19648 -1.2203 0.2476 0.24383 0.24405 0.93197 -0.86404 -0.26574 -0.47675
rectangle 0.17831 0.22995 0.050148 -0.14073 1.3976 0.71494 0.84993 -0.9809 -0.25197 -0.7482 -0.68808 -0.97648 0.44356 0.73009 -0.89137 -0.20425 0.79777 -0.021195 -0.094434 -0.79674 -0.60679 -0.8298 0.66631 0.15019 -0.51692 0.79355 -0.19884 1.8897 0.64525 -0.73674 0.86688 -0.83896 -0.36752 0.80659 -0.8004 0.059357 -0.41878 0.43427 -0.059719 -0.22252 0.92324 -0.14785 -0.54237 0.36673 -1.1869 -0.35961 0.94465 -0.4035 -0.29502 -0.65615
cercle 0.19854 -0.78864 -1.7668 -0.32834 -0.43879 -0.10869 0.79687 1.6577 -0.55505 -0.17292 0.99778 -0.86581 -0.29114 -1.5967 -0.59332 -0.64072 0.80066 0.051816 0.036266 0.86314 -0.34712 -1.2601 0.76806 1.8163 -1.416 0.64578 -1.4062 0.30153 -1.0294 0.31993 0.41636 0.68467 0.53791 0.93067 0.077221 0.31878 -0.93164 0.60696 1.231 0.43599 0.8036 -0.065427 -1.2094 -0.89637 -1.039 -0.72414 0.43228 0.30652 0.82785 -0.4606
ellipse 0.69613 0.64175 -0.41492 0.15957 0.64497 0.393 1.0405 -0.51939 -0.41713 -0.54488 -0.40484 -0.59624 -0.11032 0.82929 -1.0134 0.21556 0.93406 0.095671 -1.0551 -0.33874 0.20279 -0.69032 -0.42833 0.34918 -0.19131 0.53416 0.18168 1.2745 0.054541 -0.075616 -0.44005 -0.49088 -0.25104 -0.40443 -0.89082 -0.71704 0.20996 -0.21584 -0.49317 0.46497 0.33015 -0.36026 -0.6343 0.62902 -0.62999 -0.97237 0.84799 0.047534 0.29226 -0.090686
carré 1.608 0.43328 -0.67755 -1.3316 -1.3154 -0.024188 0.41994 -0.061958 0.16749 0.083813 -0.30282 0.60477 -0.55211 -0.24601 -0.37015 -0.75376 0.41484 0.14614 -1.4332 -0.31895 -0.25114 -0.12916 -0.15407 0.094351 -0.71541 0.050459 -1.4594 0.68462 -0.51384 0.77862 -1.3799 -0.55989 -0.0047897 0.31064 -0.086142 -0.10722 0.72482 -0.04005 0.012034 0.54619 1.6354 0.64896 -0.060713 0.072469 -0.43722 -0.59538 0.1883 -0.40157 -0.13697 0.45024
ligne 0.52795 0.18109 -0.62328 -0.19672 -0.29558 -0.38101 0.53588 0.25515 -0.79758 -0.71049 -0.47207 0.487 0.14579 -0.96523 -1.4354 -0.5339 -0.84058 -0.47753 0.63291 0.042022 -0.48869 0.0066604 -0.54234 0.63324 0.15871 0.76742 -1.7451 0.19142 0.096625 -0.17381 -0.69369 0.40924 0.067588 0.86572 0.60925 -0.33769 -0.24207 -0.54686 -0.53757 -0.12303 1.2903 0.1907 0.19696 -1.4593 -1.4351 -0.088637 0.22705 -1.099 1.2719 0.7977
étoile 0.071275 0.71638 -1.6469 -0.78934 -1.9188 -0.40299 0.07836 -0.19642 -0.060554 0.50837 0.74919 0.84462 0.32051 -0.48354 -1.1238 -0.48653 1.2002 0.92075 -0.89189 1.0856 -0.26483 0.025686 0.80908 0.52855 0.049002 0.42114 0.36038 0.77092 -0.42553 0.18637 -0.69529 1.1291 -0.75956 0.67035 -0.10036 -0.30283 -0.46122 0.4946 -0.57922 -0.49234 0.18725 -1.1435 0.052984 -0.73668 -0.34195 -1.4955 0.46116 -0.14561 1.7426 -0.28709
ovale 0.15327 -0.65124 -0.55365 0.27509 -0.28428 1.1538 1.4799 -0.42693 1.3575 -0.07437 -1.1263 1.1357 -0.61029 -0.41167 -0.26961 -0.28537 -0.36072 -0.067783 0.10601 -0.30442 0.55561 -0.35625 -0.22475 -0.10208 -0.24229 0.3049 -0.1644 0.047568 -0.70828 -0.8889 -1.1621 -1.7028 0.61678 0.47237 -0.67863 -1.6717 0.82959 -1.2502 0.21235 -0.29435 -0.14866 -0.9871 0.16407 1.1711 -0.52164 0.60959 -0.31917 -1.1405 -0.40369 0.93621
rond -0.36283 0.87964 -0.35823 -0.3231 -0.3798 -0.18692 -0.024346 0.37898 -0.63571 -1.1109 0.3398 0.31761 -0.36856 0.19197 -0.56064 -0.67681 0.52882 -0.6269 -0.57306 -0.61173 0.045644 0.21511 -0.47457 0.41183 1.2804 0.68792 -0.34542 0.88917 0.023733 1.0913 -1.1036 0.51924 0.15656 0.41598 -0.63332 -0.19039 -0.24597 -0.042346 -0.6107 0.57036 1.3838 0.40058 0.19897 -1.0939 -0.5842 -1.9958 0.51024 -0.098842 2.2443 -0.21012
