9 50
train 0.94971 0.34328 0.84504 -0.88519 -0.72078 -0.29309 -0.74678 0.65122 0.47295 -0.74011 0.1877 -0.38279 -0.55899 0.42952 -0.26984 -0.42383 -0.31236 1.3423 -0.78567 -0.6302 0.91819 0.21126 -0.57442 1.4549 0.75456 -1.6165 -0.0085015 0.0029134 0.51304 -0.47447 2.5306 0.85944 -0.30667 0.057765 0.66231 0.20804 0.64237 -0.5246 -0.053416 1.1404 -0.13703 -0.18361 0.45459 -0.50963 -0.025539 -0.02861 0.18048 -0.4483 0.40525 -0.36821
bus 0.84772 0.070253 0.96791 -0.27164 -0.37617 0.31978 -1.3108 0.091093 0.59919 -0.90217 -0.050876 -0.83886 -0.61596 0.29642 -0.42189 -0.21969 -0.94006 1.2221 -0.66526 -0.57745 0.76126 0.51459 -0.88565 1.5135 0.42326 -1.2947 0.45522 0.67073 0.80188 -0.65449 2.4117 0.62445 -0.046631 0.37524 1.0103 0.25259 1.0913 -0.79427 -0.17027 1.4866 -0.24077 0.021904 -0.01603 -0.44319 -0.13914 0.013311 -0.49432 -0.57696 1.1997 -0.39707
taxi -0.055863 0.11616 0.50623 -0.49823 0.20078 -0.12012 -0.79802 0.2022 0.35958 -0.19634 0.29376 -0.35127 -0.26421 0.44698 0.28753 -0.64579 -0.49706 1.1257 -0.28002 -1.1897 0.82997 0.53473 -0.99491 1.3566 0.15149 -1.1467 0.15161 0.27924 0.55638 -0.025998 1.4146 0.6337 -0.14042 0.74758 0.71871 0.018362 0.52529 -0.79505 -0.053899 1.1616 -0.1825 0.69411 0.20508 -0.1741 0.084395 -1.3622 -0.58116 -0.48796 1.3822 -0.093219
moto 0.12208 0.52176 0.74312 1.4599 -0.34842 -0.93796 0.20997 -0.48348 -0.31825 0.80793 0.76678 0.090845 -0.78865 0.67372 0.49806 -0.70574 -0.47036 0.73613 -0.73335 -0.1308 -0.19728 0.29958 -0.53597 0.93996 0.43628 -0.2988 -0.15814 -0.78074 -0.30954 0.8013 -0.68245 -0.37653 -1.8897 1.0366 0.30419 -0.90027 0.024382 -0.15659 -1.0157 0.22711 0.96752 -0.13382 0.32775 0.22122 0.01687 -0.51545 0.45865 -0.34505 1.2986 -0.83152
avion -0.10715 0.10953 -0.35072 0.16118 -0.16046 -0.9408 0.24182 0.26898 0.782 0.42949 0.40396 -0.018168 -0.33082 0.19555 -0.35204 -0.45081 0.86815 -0.10435 -0.15838 0.12908 -0.64524 0.4692 -0.25795 -0.083581 -0.84037 0.97016 -0.62983 0.49143 0.17144 -0.28646 -0.68861 -1.0162 -0.069427 1.1875 0.48703 -0.42385 0.72533 -0.48042 -0.058356 0.85509 0.91421 -0.28562 1.1151 -0.67928 -0.25381 -0.45424 -0.58897 0.4734 0.093541 0.49547
bateau 0.59067 0.60108 -1.2478 -0.75287 -0.77332 -0.3627 0.41891 -0.38858 0.14212 0.016813 -0.78848 0.85791 0.42281 -0.15486 -0.855 -1.0094 0.083269 -0.55013 -0.41972 0.60959 -0.30973 -0.19076 0.13542 0.23741 -0.63946 0.25854 0.81516 1.3415 0.51616 0.048368 -0.81984 -0.11293 0.78051 0.75241 0.035646 0.10305 0.083969 -0.64476 -0.81361 -0.22993 0.87482 0.0025629 0.71053 -0.02147 0.21788 -1.7482 0.45164 -0.57532 1.4 0.47265
camion -0.16811 -0.054811 1.3435 -1.258 0.50952 -0.24875 0.67653 0.063219 0.91989 -0.23096 -0.54623 -0.51235 -0.020111 0.10915 -0.75623 -0.62738 -0.16481 0.032008 1.0945 0.47035 -0.44334 -0.32981 0.20502 0.14339 -0.37639 0.89106 0.44007 0.62727 1.7568 0.69472 -1.1818 -0.41065 -1.0488 0.8305 -0.56948 -0.63961 -0.27174 -0.50955 0.18817 -0.44842 0.80183 -1.1617 0.54549 -1.3695 -0.186 -0.3741 0.013919 -0.35313 1.3851 1.4179
vélo -0.11562 0.45815 -0.39938 -1.1027 -0.79133 -0.17407 0.22171 -0.28842 0.72491 -0.43361 -0.17123 0.57395 -0.026567 -0.7211 -0.16034 -0.71392 0.42643 0.31685 -0.39025 0.36428 0.094118 -0.39019 0.75148 1.0754 -0.23496 0.38796 -0.98037 0.65047 -0.46592 0.64096 -1.5128 0.79168 0.08088 1.2838 -0.33769 -0.26198 0.024531 -0.39791 -0.60929 -0.41641 1.37 -0.44887 -0.21151 -0.13698 0.061266 -0.84585 -0.22586 0.29528 1.5513 -0.16514
voiture -0.21835 -0.28938 0.10637 -0.92415 -0.38024 -0.99633 1.0345 0.42473 0.077235 1.0508 -0.52882 1.0774 0.55768 0.5142 -0.49544 -1.7417 -0.11037 0.41741 0.17787 -0.064825 -0.28932 -0.79363 -0.056689 0.26359 -0.39311 0.89791 0.039219 0.035076 0.77529 0.089486 -0.88689 -0.054559 -0.059954 0.4592 0.049231 0.60258 0.4193 -0.70822 0.15932 -0.03868 0.2255 -0.17311 0.13095 -0.25974 -0.43848 0.015631 -0.24861 -0.52924 1.524 0.76051
